1
100
1000
1001
1002
1003
1004
1005
1006
1007
1008
1009
101
102
103
104
105
106
1062
1063
1064
1065
1066
1067
1068
1069
107
1070
1071
1072
1073
1074
1075
1076
1077
1078
1079
108
1080
1081
1082
1083
1084
1085
1086
1087
1088
1089
109
1090
1091
1092
1093
1094
1095
1096
1097
1098
1099
110
1100
1101
1102
1103
1104
1105
1106
1107
1108
1109
111
1110
1111
1112
1113
1114
1115
1116
1117
1118
1119
112
1120
1121
1122
1123
1124
1125
1126
1127
1128
1129
1130
1131
1132
1133
1134
1135
1136
1137
1138
1139
1140
1141
1142
1143
1144
1145
1146
1147
1148
1149
115
1150
1151
1152
1153
1154
1155
1156
1157
1158
1159
116
1160
1161
1162
1163
1164
1165
1166
1167
1168
1169
117
1170
1171
1172
1173
1174
1175
1176
1177
1178
1179
118
1180
1181
1182
1183
1184
1185
1186
1187
1188
1189
1190
1191
1192
1193
1195
1196
1197
1198
1199
1200
1201
1203
1204
1205
1206
1207
1208
1209
121
1210
1211
1213
1214
1215
1216
1217
1218
1219
122
1220
1221
1222
1223
1224
1225
1226
1227
1228
1229
123
1230
1231
1232
1233
1234
1235
1236
1237
1238
1239
124
1240
1241
1242
1243
1244
1245
1246
1247
1249
1250
1251
1252
1253
1254
1255
1256
1257
1258
1259
1261
1262
1263
1264
1265
1266
1267
1268
1269
127
1272
1273
1274
1275
1276
1277
1278
1279
128
1280
1281
1287
1289
129
1290
1291
1292
1293
1294
1295
1296
1297
1298
1299
130
1302
1303
1304
1305
1306
1307
1308
1309
1310
1311
1312
1313
1314
1315
1316
1317
1318
1319
1320
1321
1322
1323
1327
1329
133
1330
1331
1332
1334
1335
1336
1337
1338
1339
134
1340
1341
1343
135
136
1377
1378
1379
1380
1381
1382
1383
1384
1385
1386
1387
1388
139
1390
1391
1392
1393
140
1400
1401
1402
1403
1404
1405
1406
141
1410
1411
1412
1413
1414
1415
1416
1417
1418
1419
142
1420
1421
1422
1423
1424
1425
1426
1427
1428
1429
143
1430
1431
1432
1433
1434
1435
1436
1437
1438
1439
144
1440
1441
1442
1443
1444
1445
1446
1447
1448
1449
145
1450
1451
1452
1453
1454
1455
1456
1457
1458
1459
146
1460
1461
1462
1463
147
148
149
150
1500
1501
1502
1503
1504
1505
1506
1507
1508
1509
151
1510
1511
1512
1513
1514
1515
1516
1517
1518
1519
152
1520
1521
1522
1523
1524
1525
1526
1527
1528
1529
153
1530
1531
1532
1533
1534
1535
1536
1537
1538
1539
154
1540
1541
1542
1543
1544
1545
1546
1547
1548
1549
155
1550
1551
1552
1553
1554
1555
1556
1557
1558
1559
156
1560
1561
1562
1563
1564
1565
1566
1567
1568
1569
157
1570
1571
1572
1573
1574
1575
1576
1577
1578
1579
158
1580
1581
1582
1583
1584
1585
1586
1587
1588
1589
159
1590
1591
1592
1593
1594
1595
1596
1597
1598
1599
160
1600
1601
1602
1603
1604
1605
1606
1607
1608
1609
161
1610
1611
1612
1613
1614
1615
1616
1617
1618
1619
162
1620
1621
1622
1623
1624
1625
1626
1627
1628
1629
163
1630
1631
1632
1633
1634
1635
1636
1637
1639
164
1640
1641
1642
1643
1647
1648
1649
165
1650
1651
1652
1653
1654
1655
1658
1659
166
167
168
169
170
171
172
173
174
175
176
177
178
179
180
181
182
183
184
185
186
187
188
189
190
191
192
193
194
195
196
197
198
199
2
200
2000
2001
2002
2003
2004
2005
2006
2007
2008
2009
201
2010
2011
2012
2013
2014
2015
2016
2017
2018
2019
202
2020
2021
2022
2023
2024
2025
203
204
205
206
207
208
209
21
210
211
212
213
214
215
216
217
218
219
22
220
23
24
243
244
246
247
248
249
25
250
251
252
253
254
255
256
257
258
259
26
260
261
262
263
264
265
266
267
268
269
27
270
271
272
3
3000
3001
3002
3003
3004
3005
3006
3007
3008
3009
3010
3011
3012
3013
3014
3015
3016
3017
3018
3019
3020
3021
3022
3023
3024
3025
3026
3027
3028
3029
3030
3031
3032
3033
3034
3035
3036
3037
3038
3039
3040
3041
3042
3043
3044
3045
3046
3047
3048
3049
3050
3051
3052
3053
3054
3055
3056
3057
3058
3059
3060
3061
3062
3063
3064
3065
3066
3067
3068
3069
3070
3071
3072
3073
3074
3075
3076
3077
3078
3079
3080
3081
3082
3083
3084
3085
3086
3087
3088
3089
3090
3091
3092
3093
3094
3095
3096
3097
3098
3099
31
3100
3101
3102
3103
3104
3105
3106
3107
3108
3109
3110
3111
3112
3113
3114
3115
3116
3117
3118
3119
3120
3121
3122
3123
3124
3125
3126
3127
3128
3129
3130
3131
3132
3133
3134
3135
3137
3138
3139
3140
3141
3142
3143
3144
3145
3146
3147
3148
3149
3150
3151
3152
3153
3154
3155
3156
3157
3158
3159
3160
3161
3162
3163
3164
3165
3166
3167
3168
3169
3170
3171
3172
3173
3174
3175
3176
3177
3178
3179
3180
3181
3182
3183
3184
3185
3186
3187
3188
3189
3190
3191
3192
3193
3194
3195
3196
3197
3198
3199
32
3200
3201
3202
3203
3204
3205
3206
3207
3208
3209
3210
3211
3212
3213
3214
3215
3216
3217
3218
3219
3220
3221
3222
3223
3224
3225
3226
3227
3228
3229
3230
3231
3232
3233
3234
3235
3236
3237
3238
3239
3240
3241
3242
3243
3244
3245
3246
3247
3248
3249
3250
3251
3252
3253
3254
3255
3256
3257
3258
3259
3260
3261
3262
3263
3264
3265
3266
3267
3268
3269
3270
3271
3272
3273
3274
3275
3276
3277
3278
3279
3280
3281
3282
3283
3284
3285
34
36
37
38
39
4
40
4000
4001
4002
4003
4004
4005
4006
4007
4008
4009
4010
4011
41
42
43
44
45
457
458
459
46
460
461
462
463
464
465
466
467
468
469
47
470
471
472
473
474
475
476
477
478
479
48
480
481
482
483
484
485
486
487
488
489
49
490
491
492
493
494
495
496
497
498
5
50
5000
5001
5002
5003
5004
5005
5006
5007
5008
5009
5010
5011
5012
5013
5014
5015
5016
5017
5018
5019
5020
5021
5022
5023
5024
5025
5026
5028
51
52
53
54
547
548
549
55
550
551
558
559
56
560
561
562
563
564
565
566
567
568
569
57
570
571
572
573
574
575
576
577
579
58
580
581
582
583
584
585
586
587
588
589
59
590
591
592
593
594
595
596
597
598
599
6
60
600
601
602
603
604
606
607
608
609
61
610
611
612
613
614
615
616
617
618
619
62
620
621
622
623
624
625
626
627
628
629
630
631
632
633
634
635
638
639
640
641
642
643
644
645
646
647
648
649
650
651
652
653
654
655
657
658
659
660
661
662
663
664
668
669
670
671
672
673
674
675
676
677
678
679
680
681
682
683
684
685
686
687
688
689
690
691
692
693
694
695
696
697
698
699
7
700
701
702
703
708
709
710
711
712
713
714
715
716
717
719
720
721
722
723
724
725
726
727
728
729
730
731
732
733
734
735
736
737
738
739
740
741
743
744
745
746
747
748
749
750
751
752
753
754
755
756
757
758
759
760
761
762
763
764
765
766
767
768
769
770
771
772
773
774
775
777
778
779
780
781
782
783
784
787
788
789
790
791
792
793
794
795
797
798
799
8
800
801
802
805
806
807
808
811
812
813
814
815
816
817
819
820
821
822
823
824
825
826
827
828
831
832
833
834
835
837
838
839
840
841
842
843
844
845
846
847
848
849
850
851
852
853
854
855
856
857
858
859
860
861
862
863
864
865
866
867
869
870
871
872
873
874
875
876
877
878
879
880
881
882
883
884
885
886
887
888
889
890
891
892
893
914
915
916
917
918
919
920
921
922
923
924
925
926
927
928
929
930
931
932
933
934
935
942
943
944
945
946
947
948
949
950
951
952
953
954
955
956
957
958
959
960
961
962
963
964
965
966
967
968
969
970
971
972
973
974
975
976
977
978
979
980
981
982
983
984
985
986
987
988
989
990
991
992
993
994
995
996
997
998
999
