0100000
0100001
0100002
0100003
0100004
0100005
0100006
0100007
0100100
0100101
0100120
0100121
0100122
0100123
0100124
0100130
0100131
0100132
0100133
0100134
0100200
0120100
0130100
0130101
0150000
0150001
0150002
0210100
1110100
1110101
1110130
1120100
1130100
1140100
1140130
1150000
1150001
1150002
1210100
1210101
1210102
1210103
1210104
1210111
1220000
1220001
1220002
1220003
2100100
2100101
2100102
2100103
2100104
2100105
2100106
2100107
2100108
2110200
2110300
2110301
2130100
2130103
2150000
2150001
2150002
2150003
2220000
2220100
2220110
2230100
2230101
2230102
2230103
2230104
2230105
2230106
2230107
2230108
2230109
2230110
2230111
2230112
2230113
2230114
2230115
2230131
2230200
2300100
2300101
2300102
2300200
2300201
2300202
2300203
2300204
2300205
2300206
2300207
2300208
2300209
2300210
2300211
2300260
2300261
2300262
2300263
2300264
2300265
2300266
2300267
2300268
2300271
2400000
2400001
2400002
2400003
2400004
2400005
2400006
2400007
2400008
2400009
2400010
2400011
2400012
2400013
2400014
2400015
2400016
2400017
2400018
2400019
2400020
2400100
2400101
2400102
2400103
2400104
2400105
2400106
2400107
2400108
2400109
2400110
2400111
2400112
2400113
2400114
2400115
2400116
2400117
2400118
2400119
2400120
2400121
2400122
2400123
2400124
2400125
2400126
2400127
2400128
2400129
2400130
2400131
2400132
2400200
2400201
2400202
2400203
2400204
2400205
2400206
2400207
2400208
2400209
2400250
2400251
2400252
2400253
2400254
2400255
2400256
2400257
2400258
2400259
2400260
2400261
2400262
2400263
2400265
2400300
2400301
2400302
2400303
2400304
2400305
2400306
2400307
2400308
2400309
2400310
2400311
2400312
2400313
2400314
2400315
2400316
2400317
2400318
2400319
2400320
2400321
2400322
2400323
2400324
2400325
2400326
2400327
2400330
2400331
2400332
2400333
2400334
2400335
2400336
2400337
2400338
2400340
2400341
2400342
2400343
2400344
2400345
2400350
2400351
2400352
2400353
2400354
2400355
2400356
2400357
2400358
2400359
2400360
2400361
2400362
2400363
2400364
2400370
2400371
2400372
2400373
2400374
2400375
2400376
2400377
2400378
2400379
2400400
2400401
2400402
2400403
2400404
2400405
2400406
2400407
2400408
2400409
2400410
2400411
2400412
2400413
2400414
2400415
2400416
2400417
2400418
2400419
2400420
2400421
2400500
2400501
2400502
2400503
2400550
2400551
2400552
2400553
2400554
2400555
2400556
2400557
2400558
2400559
2400560
2400561
2400562
2400563
2400564
2400570
2400571
2400572
2400573
2400574
2400575
2400576
2400577
2400600
2400601
2400602
2400603
2400604
2400605
2400610
2400611
2400612
2400613
2400614
2400615
2400616
2400617
2400618
2400620
2400621
2400650
2400651
2400652
2400653
2400654
2400655
2400656
2400657
2400658
2400671
2400672
2400673
2400674
2400675
2400676
2500000
2500001
2500002
2500003
2500010
2500011
2500012
2500013
2500020
2500021
2500022
2500023
2500030
2500031
2500032
2500033
2500040
2500041
2500042
2500043
2500050
2500051
2500052
2500053
2500100
2500101
2500102
2500103
2500110
2500111
2500112
2500113
2500120
2500121
2500122
2500123
2500130
2500131
2500132
2500133
2500140
2500141
2500142
2500143
2500150
2500151
2500152
2500153
2500200
2500201
2500202
2500203
2500210
2500211
2500212
2500213
2500220
2500221
2500222
2500223
2500230
2500231
2500232
2500233
2500240
2500241
2500242
2500243
2500250
2500251
2500252
2500253
2500300
2500301
2500302
2500303
2500310
2500311
2500312
2500313
2500320
2500321
2500322
2500323
2500330
2500331
2500332
2500333
2500340
2500341
2500342
2500343
2500350
2500351
2500352
2500353
2500360
2500361
2500362
2500363
2500370
2500371
2500372
2500373
2500400
2500401
2500402
2500403
2500410
2500411
2500412
2500413
2500420
2500421
2500422
2500423
2500430
2500431
2500432
2500433
2500440
2500441
2500442
2500443
2500450
2500451
2500452
2500453
2500460
2500461
2500462
2500463
2500470
2500471
2500472
2500473
2500500
2500501
2500502
2500503
2500510
2500511
2500512
2500513
2500520
2500521
2500522
2500523
2500530
2500531
2500532
2500533
2500600
2500601
2500602
2500603
2500610
2500611
2500612
2500613
2500620
2500621
2500622
2500623
2500630
2500631
2500632
2500633
2500640
2500641
2500642
2500643
2500650
2500651
2500652
2500653
2500700
2500701
2500702
2500703
2500710
2500711
2500712
2500713
2500800
2500801
2500802
2500803
2500810
2500811
2500812
2500813
2500820
2500821
2500822
2500823
2500830
2500831
2500832
2500833
2500840
2500841
2500842
2500843
2500850
2500851
2500852
2500853
2500900
2500901
2500902
2500903
2500904
2500905
2500906
2501000
2501001
2501002
2501003
2501010
2501011
2501012
2501013
2510000
2510001
2510002
2510003
2510010
2510011
2510012
2510013
2510020
2510021
2510022
2510023
2510030
2510031
2510032
2510033
2510100
2510101
2510102
2510103
2510110
2510111
2510112
2510113
2510120
2510121
2510122
2510123
2510130
2510131
2510132
2510133
2510200
2510201
2510202
2510203
2510210
2510211
2510212
2510213
2600000
2600001
2600002
2600003
2600004
2600005
2600006
2600007
2600008
2600009
2600010
2600011
2600012
2600013
2600014
2600015
2600016
2600017
2600018
2600019
2600020
2600021
2600022
2600023
2600024
2600025
2600026
2600027
2600028
2600029
2600030
2600100
2600101
2600102
2600103
2600104
2600105
2600106
2600107
2600108
2600109
2600110
2600111
2600112
2600113
2600114
2600115
2600116
2600117
2600118
2600119
2600120
2600121
2600122
2600123
2600125
2600200
2600201
2600202
2600203
2600204
2600205
2600206
2600207
2600208
2600209
2600210
2600211
2600212
2600213
2600214
2600215
2600216
2600217
2600218
2600219
2600220
2600221
2600222
2600223
2600224
2600225
2600226
2600227
2600228
2600229
2600230
2600231
2600300
2600301
2600302
2600303
2600304
2600305
2600306
2600307
2600308
2600309
2600310
2600311
2600312
2600313
2600314
2600315
2600316
2600317
2600318
2600319
2600320
2600321
2600322
2600323
2600324
2600325
2600326
2600400
2600401
2600402
2600403
2600404
2600405
2600406
2600407
2600408
2600409
2600410
2600411
2600412
2600413
2600414
2600415
2600416
2600417
2600418
2600419
2600420
2600421
2600422
2600423
2600424
2600425
2600500
2600501
2600502
2600503
2600504
2600505
2600506
2600507
2600508
2600509
2600510
2600511
2600512
2600513
2600514
2600515
2600516
2600517
2600518
2600600
2600601
2600602
2600603
2600604
2600605
2600606
2600607
2600608
2600609
2600610
2600611
2600612
2600613
2600614
2600615
2600616
2600617
2600618
2600619
2600620
2600621
2600622
2600623
2600624
2600625
2600626
2600627
2600628
2600629
2600630
2600631
2600632
2600700
2600701
2600702
2600703
2600704
2600705
2600706
2600707
2600708
2600709
2600710
2600711
2600712
2600713
2600714
2600715
2600800
2600801
2600900
2600901
2600902
2600903
2600904
2600905
2600906
2600907
2600908
2600909
2600910
2600911
2700000
2700001
2700002
2700003
2700004
2700005
2700006
2700007
2700008
2700009
2700010
2700011
2700012
2700020
2700021
2700022
2700023
2700024
2700025
2700026
2700027
2700028
2700029
2700030
2700031
2700100
2700101
2700102
2700103
2700104
2700110
2700111
2700112
2700113
2700114
2700115
2700116
2700200
2700201
2700202
2700203
2700204
2700300
2700301
2700302
2700303
2700304
2700305
2700306
2700307
2700308
2700309
2700310
2700311
2700312
2700313
2700314
2700315
2700316
3000000
3000001
3000002
3000003
3000004
3000005
3000006
3000007
3100101
3100102
3110100
3110101
3110102
3110300
3110301
3110302
3110303
3150000
3150001
3150002
3210100
3210200
3210201
3210202
3210203
3210204
3210205
3210206
3210207
3210208
3210450
3210800
3220000
3220001
3230100
3230101
3230102
3230103
3230104
3230200
3230300
3230301
3230302
3230303
3230304
3230305
3230306
3230307
3230308
3230400
3230405
3300000
3300001
3300002
3300003
3300004
3300005
3300006
3300007
3300008
3300100
3300101
3300102
3300103
3300104
3300105
3300106
3300107
3300108
3300109
3300110
3300111
3300112
3400000
3400001
3400002
3400003
3400004
3400005
3400006
3400007
3400008
3401000
3401001
3401002
3401003
3401004
3401005
3401006
3401007
3401008
3401009
3401010
3401011
3501000
3501001
3501002
3501003
3501004
3501005
3501006
3501007
3501008
3501009
3501100
3501101
3501102
3501103
3501104
3501105
3501106
3501107
3501108
3501109
3502000
3502001
3502002
3502003
3502004
3502005
3502006
3502007
3502008
3503000
3503001
3503002
3503003
3503004
3503005
3503006
3503007
3503008
3503009
3503010
3503011
3503012
3503013
3503100
3503101
3645300
3645301
3645302
3645303
3645304
3645305
3645306
3645307
3645308
3645309
3645310
3645311
3645312
3645313
3645314
3645315
3645316
3645317
3645318
3645319
3645320
3645321
3645322
3645323
3645324
3645325
3645326
3645327
3645328
3645329
4090000
4110300
4110301
4110302
4130100
4130101
4130102
4130103
4130104
4220000
4220001
4230100
4230101
4230102
4230103
4230104
4230105
4230106
4230107
4230108
4230109
4230110
4230111
4230112
4230113
4230114
4230115
4230116
4230117
4230118
4230119
4230120
4230121
4230122
4230123
4230124
4230125
4230126
4230127
4230128
4230129
4230130
4230131
4230132
4230133
4230134
4230137
4230138
4230139
4230140
4230141
4230142
4230200
4230201
4230300
4230400
4230500
4230501
4230502
4230503
4230504
4230505
4230506
4230600
4240000
4250000
4250001
4300000
4300001
4300002
4300003
4300004
4300005
4300006
4300007
4300008
4300009
4300010
4300011
4300012
4300013
4300014
4300015
4300016
4300017
4310000
4310001
4310002
4310004
4310005
4310006
4310007
4310008
4310009
4310010
4310011
4310012
4310013
4310014
4310015
4310016
4310017
4310018
4310019
4310020
4310021
4310022
4310023
4310024
4310025
4310026
5090000
5090001
5100000
5100001
5100002
5100003
5100004
5100005
5100100
5100101
5100102
5100103
5100104
5100105
5100106
5100107
5100108
5100109
5100200
5100201
5100202
5100203
5110300
5110301
5110302
5120000
5120001
5120002
5120003
5120100
5120500
5120501
5120502
5120503
5120504
5120505
5120506
5120507
5130100
5130101
5130102
5130103
5130104
5130105
5130106
5130107
5130108
5140000
5150000
5150001
5150002
5150003
5160000
5160001
5160002
5160003
5160004
5160005
5160006
5200000
5200001
5200002
5220000
5220001
5220002
5220003
5220004
5250000
5250001
5250002
5250003
5250004
5250005
5250006
5250007
5300000
5300001
5300100
5400000
6090000
6090001
6090002
6090003
6090004
6110300
6110301
6130100
6130101
6130102
6130103
6130104
6130200
6130201
6130202
6130203
6130204
6130207
6130208
6130209
6150000
6160000
6160001
6160002
6160003
6160004
6220000
6220001
6230100
6230101
6230200
6230201
6230300
6230400
6230401
6230500
6230600
6230601
6230602
6300000
6300001
6300002
6300003
6300004
6300005
6300100
6400000
6400001
6400002
6400003
6400004
6400005
6400006
6400007
6400008
6400009
6400100
6500000
6500001
6500002
6500003
6500004
6500005
6500006
6500010
6500011
6500012
6500013
6500014
6500015
7090000
7110300
7110301
7120100
7120101
7120102
7120103
7120104
7120105
7120106
7120107
7120108
7120109
7120110
7120111
7120112
7120113
7120114
7120115
7130000
7130001
7130002
7130003
7130004
7130010
7130020
7130100
7130101
7130102
7130103
7130104
7130200
7130300
7130400
7130401
7130402
7130500
7130501
7130600
7130601
7130602
7140000
7150000
7150001
7150002
7150003
7150004
7160000
7220000
7220001
7220002
7220003
7220004
7220005
8090000
8105000
8105001
8105002
8105003
8105004
8105005
8110300
8120100
8120101
8120102
8120103
8120104
8120105
8120106
8120107
8130100
8140000
8140001
8140002
8140003
8140100
8140101
8140102
8140103
8140104
8140105
8140106
8140110
8140111
8140112
8140200
8140300
8140500
8140510
8140511
8140512
8140555
8140600
8140700
8140701
8140702
8140703
8141000
8141100
8141300
8142000
8142100
8143000
8144000
8144001
8144002
8144003
8144004
8144005
8144006
8144007
8144008
8145000
8145001
8145002
8145003
8145004
8145005
8145006
8145007
8145008
8145100
8145101
8145102
8145200
8145201
8145202
8147000
8147001
8147002
8147003
8147004
8147005
8147006
8147007
8147008
8147009
8147010
8147011
8147012
8147013
8147014
8147015
8148000
8148001
8148002
8148003
8148004
8148005
8148006
8148007
8148008
8148009
8148010
8148011
8148012
8150000
8150100
8150101
8150200
8150201
8150300
8150301
8150302
8150303
8160000
8170000
8180000
8180001
8190000
8190001
8190002
8190003
8190004
8190005
8190006
8190007
8200000
8200001
8200002
8200003
8200004
8200005
8200006
8200007
8200008
8200009
8200010
8200011
8200012
8210000
8210001
8210002
8210003
8210004
8210005
8210006
8210007
8210010
8210011
8210012
8210013
8210014
8211000
8211001
8211002
8211003
8211004
8211005
8211006
8211007
8220000
8220001
8220002
8220003
8220004
8220005
8220006
8220007
8220008
8220009
8220010
8220011
8220012
8220013
8220014
8220015
8220016
8220017
8220018
8220019
8220020
8220021
8220022
8220023
8220024
8220025
8220026
8220027
8220028
8220029
8220030
8220031
8220032
8220033
8220034
8220035
8220036
8220038
8220039
8220040
8220041
8220042
8220043
8220044
8220045
8220046
8220100
8220101
8220102
8220103
8220104
8220105
8220106
8220107
8220108
8220109
8220110
8220111
8220112
8220113
8220114
8220115
8220116
8220117
8220118
8220119
8220120
8220121
8220122
8220123
8220124
8220125
8230000
8230001
8230002
8230003
8230004
8230005
8230006
8230007
8230008
8230009
8230010
8230011
8230012
8230013
8230014
8230015
8230016
8230017
8230018
8230019
8230020
8230021
8230022
8230023
8230024
8230025
8230026
8230027
8230028
8230029
8230030
8230031
8230032
8230033
8230035
8230036
8230037
8230038
8230039
8230040
8230041
8230042
8230043
8230044
8230045
8230046
8230047
8230048
8230050
8230051
8230052
8230053
8230054
8230055
8230056
8230057
8230058
8230059
8230060
8230061
8230062
8230063
8230064
8230065
8230066
8230067
8230068
8230069
8230070
8230071
8230072
8230073
8230074
8230075
8230076
8230077
8230078
8230079
8230080
8230081
8230082
8230083
8230084
8230085
8230086
8240000
8240001
8240002
8240003
8240004
8240005
8240006
8240007
8240008
8240010
8240011
8240012
8240013
8240014
8240015
8240016
8240017
8240018
8240019
8240020
8240021
8240022
8240023
8240024
8240025
8240026
8240027
8240028
8240029
8240030
8240031
8240032
8240033
8240035
8240036
8240037
8240038
8240039
8240040
8240041
8240043
8240044
8240045
8240046
8240048
8240049
8240050
8240051
8240052
8240053
8240054
8240055
8240056
8240057
8240058
8240059
8240060
8240061
8240062
8240063
8240064
8240065
8240066
8240067
8240068
8240069
8240070
8240071
8240072
8240073
8240074
8240075
8240076
8240077
8240078
8240079
8240080
8240081
8240082
8240083
8240084
8240085
8240086
8240087
8240088
8240089
8240090
8240091
8240092
8240093
8240094
8240095
8240096
8240097
8240098
8240099
8240100
8240101
8240102
8240103
8240104
8240105
8240106
8240107
8240108
8240109
8240110
8240111
8240112
8240113
8240114
8240115
8240116
8240117
8240118
8240119
8240120
8240121
8240122
8240123
8240124
8240125
8240126
8240130
8240131
8240132
8240133
8240134
8240135
8240136
8240137
8240138
8240139
8240140
8240141
8240142
8240143
8240144
8240145
8240146
8240147
8240148
8240149
8240150
8240151
8240152
8240153
8240154
8240155
8240156
8240157
8240158
8240159
8240160
8240161
8240162
8240163
8240164
8240165
8240166
8240167
8240168
8240169
8240170
8240171
8240172
8240173
8240174
8240175
8240176
8240177
8240178
8240179
8240180
8240181
8240182
8240183
8240184
8240185
8240186
8240187
8250000
8250001
8250002
8250003
8250004
8250005
8250006
8250007
8250008
8250009
8250010
8250011
8250012
8250013
8250014
8250015
8250016
8250017
8250018
8250019
8250020
8250021
8250022
8250023
8250024
8250025
8250026
8250027
8250028
8250029
8250030
8250031
8250032
8250033
8250034
8250035
8250036
8250037
8250038
8300000
8300001
8300002
8300003
8300004
8300005
8300006
8300007
8500000
8500001
8500002
8500003
8500004
8500005
8500006
8500007
8500008
8500009
8500010
8500011
8500012
8500013
8500014
8500015
8500020
8500021
8500022
8510000
8510100
8520000
8600000
8600001
8600002
8600003
8600004
8600005
8600006
8610000
8610001
8610002
8610003
8610004
8610005
8610006
8610007
8610008
8610009
8610010
8610011
8610012
8610013
8610014
8610015
8610016
8610017
8610018
8610019
8610020
8610021
8610022
8610023
8610024
8610025
8610026
8610027
8610028
8610029
8610030
8610031
8610032
8610033
8620000
8620001
8620002
8620003
8620004
8620005
8620006
8620007
8620008
8620009
8620010
8620011
8620012
8620013
8620014
8620015
8620016
8620017
8620018
8620019
8620020
8620021
8620022
8620023
8620024
8620025
8620026
8620027
8620028
8620029
8620030
8620031
8630000
8630001
8630002
8630003
8630004
8630005
8630006
8630007
8630008
8630009
8630010
8630011
8630012
8630013
8630014
8630015
8630016
8630017
8630020
8630021
8630022
8630023
8630024
8630025
8630026
8630027
8630028
8630029
8630030
8630031
8630032
8630033
8630034
8630035
8630036
8630037
8630038
8641000
8641001
8641002
8641003
8641004
8641005
8641006
8641007
8641008
8641009
8641010
8641011
8641012
8641013
8641014
8641015
8641016
8641017
8641018
8641019
8641020
8641021
8641022
8641023
8641024
8641025
8641026
8641027
8641028
8641029
8641030
8641031
8641051
8641052
8641053
8641054
8641055
8641056
8641057
8641058
8641059
8641060
8641061
8641062
8641063
8641064
8641065
8641066
8641067
8641068
8641069
8641070
8641071
8642000
8642001
8642002
8642003
8642004
8642005
8642006
8642007
8642008
8642009
8642010
8642011
8642012
8642013
8642014
8642015
8642016
8642017
8642018
8642019
8642020
8642021
8642022
8642023
8642024
8642050
8642051
8642052
8642053
8642054
8642055
8642060
8642061
8642062
8642063
8642064
8642065
8642070
8642071
8642072
8642073
8642074
8642075
8642080
8642081
8642082
8642083
8642084
8642085
8642086
8642090
8642091
8642092
8642093
8642100
8642101
8642102
8642103
8642104
8642105
8642106
8642107
8642108
8642109
8642110
8642111
8642112
8642113
8642114
8643000
8643001
8643002
8643003
8643004
8643005
8643006
8643007
8643008
8643009
8643010
8643011
8643012
8643013
8643014
8643015
8643016
8643017
8643018
8644000
8644001
8644002
8644003
8644004
8644005
8644006
8644007
8644008
8644009
8644010
8644011
8644012
8644013
8644014
8644015
8644016
8644017
8644018
8644019
8644020
8644021
8644101
8644102
8644103
8644104
8644105
8644106
8644107
8644108
8644109
8644110
8644111
8644112
8644201
8644301
8644302
8644303
8644304
8644305
8644400
8644401
8644402
8644403
8644404
8644405
8644406
8644407
8644408
8644409
8644410
8644411
8644412
8644413
8644414
8644415
8644416
8644417
8644418
8644419
8644420
8644421
8644422
8644423
8644424
8644425
8644426
8644427
8644428
8644429
8644430
8644431
8644432
8644433
8644434
8644437
8644438
8644439
8644440
8644441
8644442
8644443
8644444
8644445
8644446
8644447
8644500
8644501
8644502
8644503
8644504
8644505
8644506
8644507
8644508
8644509
8644510
8644520
8644521
8644522
8644523
8644524
8644525
8644600
8644601
8644602
8644603
8644604
8644605
8644606
8644607
8644608
8644609
8644610
8644611
8644612
8644613
8644614
8644615
8644616
8644617
8644618
8644619
8644620
8644621
8644622
8644623
8644624
8644625
8644626
8644627
8644628
8644630
8644631
8644632
8644633
8644634
8644635
8644636
8644637
8644638
8644640
8644641
8644642
8644643
8644644
8644645
8644650
8644651
8644652
8644653
8644654
8644655
8644656
8644657
8644658
8644659
8644660
8644680
8644681
8644700
8644701
8644702
8644703
8644704
8644705
8644706
8644707
8644708
8644709
8644710
8644711
8644712
8644713
8644714
8644715
8644716
8644717
8644718
8644719
8644720
8644721
8644722
8644723
8644724
8644725
8644726
8644727
8644728
8644729
8644730
8644731
8644732
8644750
8644751
8644752
8644753
8644754
8644755
8644756
8644757
8644758
8644759
8644760
8644761
8644762
8644765
8644766
8644767
8644800
8644801
8644802
8644803
8644804
8644805
8644806
8644807
8644808
8644809
8644810
8644811
8644812
8644813
8644814
8644815
8644816
8644817
8644818
8644819
8644820
8644821
8644822
8644823
8644824
8644825
8644826
8644827
8644828
8644829
8644830
8644831
8644832
8644833
8644834
8644835
8644836
8645000
8645001
8645002
8645003
8645004
8645005
8645006
8645007
8645008
8645009
8645010
8645011
8645012
8645013
8645014
8645015
8645016
8645017
8645018
8645019
8645020
8645021
8645022
8645023
8645024
8645025
8645026
8645027
8645030
8645031
8645032
8645033
8645034
8645035
8645036
8645037
8645038
8645039
8645040
8645041
8645042
8645043
8645044
8645045
8645046
8645047
8645048
8645049
8645050
8645051
8645052
8645053
8645054
8645055
8645056
8645057
8645058
8645060
8645061
8645062
8645063
8645064
8645065
8645066
8645067
8645068
8645069
8645070
8645071
8645072
8645101
8645102
8645103
8645104
8645105
8645106
8645111
8645112
8645113
8645114
8645115
8645116
8645117
8645118
8645120
8645121
8645122
8645123
8645124
8645125
8645126
8645127
8645128
8645129
8645130
8645131
8645132
8645133
8645134
8645135
8645136
8645137
8645138
8645139
8645140
8645141
8645142
8645143
8645144
8645145
8645149
8645150
8645151
8645152
8645153
8645154
8645161
8645162
8645163
8645164
8645165
8645166
8645200
8645201
8645202
8645203
8645204
8645205
8645206
8645207
8645208
8645209
8645210
8645211
8645221
8645222
8645223
8645224
8645225
8645226
8645227
8645228
8645229
8645230
8645231
8645232
8645233
8645240
8645241
8645242
8645251
8645252
8645260
8645261
8645262
8645263
8645264
8645265
8645266
8645267
8645268
8645270
8645271
8645272
8645273
8645274
8645275
8645276
8645277
8645278
8645283
8645284
8645285
8645286
8645287
8645288
8645289
8645290
8645291
8645292
8645293
8645294
8645295
8645296
8645297
8645298
8645299
8645300
8645301
8645302
8645303
8645304
8645305
8645306
8645307
8645308
8645309
8645327
8645328
8645340
8645350
8645351
8645352
8645353
8645354
8645355
8645356
8645357
8645359
8645360
8645361
8645362
8645363
8645364
8645365
8645366
8645367
8645368
8645369
8645370
8645371
8645372
8645373
8645374
8645375
8645376
8645377
8645378
8645379
8645380
8645381
8645382
8645383
8645384
8645390
8645391
8645392
8645399
8645400
8645401
8645402
8645403
8645404
8645405
8645406
8645407
8645408
8645409
8645410
8645411
8645412
8645413
8645414
8645415
8645416
8645420
8645421
8645422
8645423
8645424
8645425
8645426
8645427
8645428
8645429
8645430
8645431
8645432
8645433
8645434
8645435
8645436
8645440
8645441
8645442
8645443
8645444
8645445
8645446
8645447
8645448
8645449
8645450
8645451
8645452
8645453
8645460
8645461
8645462
8645463
8645464
8645465
8645466
8645469
8645470
8645471
8645472
8645473
8645474
8645475
8645476
8645477
8645480
8800000
8800001
8800002
8800003
8800004
8800005
8800006
8800007
8800008
8800009
8800010
8800011
8800012
8800013
8800014
8800015
8800020
8800021
8800022
8800023
8800024
8800025
8800026
8800027
8800028
8800029
8800030
8800031
8800032
8800033
8800034
8800100
8800101
8800102
8800103
8800104
8800105
8800106
8800107
8800108
8800109
8800110
8800111
8800112
8800113
8800114
8800115
8800116
8800117
8800118
8800119
8800120
8800130
8800131
8800132
8800133
8800134
8800135
8800136
8800137
8800141
8800142
8800143
8800144
8800145
8800146
8800147
8800148
8800200
8800201
8800202
8800203
8800400
8800401
8810000
8810001
8810002
8810003
8810004
8810005
8810006
8810007
8810008
8810009
8810010
8810011
8810012
8810013
8810014
8810015
8810016
8810017
8810018
8810019
8810020
8810021
8810022
8810023
8810024
8810025
8810026
8810100
8810101
8810102
8810103
8810104
8810105
8810106
8810107
8810108
8810109
8810118
8810119
8810120
8810121
8810122
8810123
8810124
8810125
8810126
8810127
8810128
8810129
8810130
8810200
8810201
8810202
8810203
8810204
8810205
8810206
8810207
8810208
8810209
8810210
8810211
8810212
8810213
8810214
8810215
8820000
8820001
8820002
8820003
8820004
8820005
8820006
8820007
8820008
8820009
8820010
8820011
8820012
8820013
8820014
8820015
8820016
8820017
8820018
8820019
8820020
8820021
8820022
8820023
8820024
8820025
8820026
8820027
8820100
8820101
8820102
8820103
8820104
8820105
8820106
8820107
8820108
8820109
8820110
8820111
8820112
8820113
8820114
8820115
8820116
8820117
8820118
8820200
8820201
8820202
8820203
8820204
8820205
8820206
8820207
8820208
8820209
8820210
8820211
8820212
8820213
8820214
8820215
8820216
8820217
8820218
8820219
8820220
8820221
8820222
8820223
8820224
8820225
8820226
8820227
8820300
8820301
8820302
8820303
8820304
8830000
8830001
8830002
8830003
8830004
8830005
8830006
8830007
8830008
8830009
8830010
8830011
8830012
8830013
8830014
8840000
8840001
8840002
8840003
8840004
8840005
8840006
8840007
8840008
8840009
8840010
8840011
8840012
8840013
8840014
8840015
8840016
8840017
8840018
8850000
8850001
8850002
8850003
8850004
8850005
8850006
8850007
8850008
8850009
8850010
8850011
8850012
8850100
8850101
8850102
8850103
8850104
8850110
8850111
8850112
8860000
8860001
8860002
8860003
8860004
8860005
8860006
8860007
8860008
8860009
8860010
8870000
8870001
8870002
8870003
8870004
8870005
8870006
8870100
8870101
8870102
8870103
8870104
8870105
8870106
8870107
8870108
8870200
8870201
8870202
8870203
8870204
8870205
8880000
8880001
8880002
8880004
8880005
8880006
8880007
8880008
8880009
8880010
8880011
8880100
8880101
8880102
8880103
8880110
8880111
8880120
8880121
8880130
8880131
8880140
8880141
8880142
8880150
8880151
8880152
8880153
8880154
8880155
8880156
8880157
8880158
8880160
8880161
8880162
8880163
8880164
8880165
8880166
8880167
8880168
8880169
8880170
8880171
8880175
8880176
8880177
8880178
8880179
8880180
8880181
8880182
8880183
8880184
8880185
8880186
8880187
8880188
8880189
8880190
8880191
8880192
8880193
8880194
8880195
8880196
8880197
8880200
8880201
8880202
8880300
8880301
8880302
8880303
8880304
8880305
8880306
8880307
8880308
8880310
8880311
8880312
8880315
8880316
8880317
8880318
8880319
8880321
8880322
8880323
8880324
8880325
8880326
8880327
8880328
8880332
8880333
8880334
8880336
8880337
8880338
8880340
8880341
8880342
8880343
8880344
8880345
8880346
8880347
8880348
8880349
8880351
8880352
8880353
8880354
8880355
8880356
8880357
8880358
8880360
8880361
8880362
8880363
8880364
8880365
8880366
8880367
8880368
8880369
8880370
8880371
8880372
8880373
8880374
8880375
8880376
8880377
8880378
8880379
8880400
8880401
8880402
8880403
8880404
8880405
8880406
8880407
8880408
8880409
8880410
8880411
8880412
8880413
8880414
8880415
8880416
8880417
8880418
8880419
8880420
8880421
8880422
8880423
8880424
8880425
8880426
8880427
8880428
8880429
8880430
8880431
8880432
8880433
8880434
8880435
8880436
8880437
8880438
8880439
8880440
8880450
8880451
8880452
8880453
8880454
8880455
8880456
8880457
8880458
8880459
8880460
8880461
8880462
8880500
8880501
8880502
8880503
8880504
8880505
8880506
8880507
8880508
8880509
8880510
8880511
8880512
8880513
8880514
8880515
8880516
8880517
8880518
8880519
8880530
8880531
8880532
8880533
8880534
8880535
8880536
8880537
8880538
8880539
8880540
8880541
8880542
8880543
8880544
8880545
8880546
8880547
8880548
8880549
8880600
8880601
8880602
8880603
8880604
8880605
8880606
8880607
8880608
8880609
8880610
8880611
8880612
8880613
8880614
8880615
8880616
8880617
8880618
8880619
8880630
8880631
8880632
8880633
8880634
8880635
8880636
8880637
8880638
8880639
8880640
8880641
8880642
8880643
8880644
8880645
8880646
8880647
8880648
8880649
8880650
8880651
8880652
8880653
8880654
8880655
8880656
8880657
8880658
8880659
8880660
8880661
8880662
8880663
8880664
8880665
8880666
8880667
8880668
8880669
8880700
8880702
8880704
8880705
8880706
8880707
8880708
8880711
8880713
8880715
8880716
8880717
8880718
8880719
8880722
8880723
8880725
8880726
8880727
8880728
8880800
8880801
8880802
8880803
8880804
8880805
8880806
8880807
8880808
8880810
8880811
8880820
8880821
8880830
8880831
8880832
8880833
8880834
8880835
8880836
8880837
8880838
8880839
8880840
8880841
8880842
8880843
8880844
8880845
8880846
8880847
8880850
8880851
8880852
8880853
8880900
8880901
8880902
8880903
8880904
8880905
8880906
8880907
8880908
8880909
8880910
8880911
8880912
8880913
8880914
8880915
8880916
8880917
8880930
8880931
8880932
8880933
8880934
8880935
8880936
8880937
8880938
8880939
8880940
8880941
8880942
8880943
8880944
8880945
8880946
8880947
8880960
8880961
8880962
8880963
8880964
8880965
8880966
8880967
8880968
8880969
8880970
8880971
8880972
8880973
8880974
8880975
8880976
8880977
8881000
8881010
8881011
8881012
8881013
8881014
8881015
8881016
8881017
8881018
8881019
8881020
8881030
8881031
8881032
8881033
8881034
8881035
8881036
8881037
8881038
8881039
8881040
8881050
8881051
8881052
8881053
8881054
8881055
8881056
8881057
8881058
8881059
8881060
8881100
8881101
8881102
8881103
8881104
8881105
8881106
8881107
8881108
8881109
8881110
8881111
8881112
8881113
8881114
8881115
8881150
8881151
8881152
8881153
8881154
8881155
8881156
8881157
8881158
8881159
8881160
8881161
8881162
8881163
8881164
8881165
8881200
8881201
8881202
8881203
8881204
8881205
8881206
8881207
8881208
8881209
8881210
8881211
8881212
8881213
8881214
8881215
8881250
8881251
8881252
8881300
8881301
8881302
8881303
8881304
8881305
8881306
8881307
8881308
8881309
8881310
8881311
8881312
8881313
8881314
8881315
8881316
8881317
8881318
8881319
8881320
8881321
8881322
8881323
8881324
8881325
8881326
8881327
8881328
8881329
8881330
8881331
8881332
8881333
8881334
8881335
8881338
8881339
8881340
8881341
8881342
8881343
8881344
8881345
8881346
8881350
8881351
8881352
8881353
8881354
8881355
8881356
8881357
8881358
8881359
8881360
8881361
8881362
8881363
8881364
8881365
8881366
8881367
8881368
8881369
8881370
8881371
8881372
8881373
8881374
8881375
8881376
8881377
8881378
8881379
8881380
8881381
8881382
8881383
8881384
8881385
8881388
8881389
8881390
8881391
8881392
8881393
8881394
8881395
8881396
8881400
8881401
8881402
8881403
8881404
8881405
8881500
8881501
8881502
8881510
8881511
8881512
8881520
8881521
8881522
8881533
8881534
8881535
8881536
8881537
8881538
8881539
8881540
8881541
8881542
8881543
8881544
8881545
8881546
8881547
8881548
8881549
8881550
8881551
8881552
8881553
8881554
8881555
8881556
8881557
8881600
8881601
8881602
8881603
8881604
8881605
8881606
8881607
8881608
8881609
8881610
8881611
8881612
8881613
8881614
8881615
8881616
8881617
8881618
8881619
8881620
8881621
8881622
8881623
8881624
8881625
8881626
8881627
8881628
8881629
8881630
8881631
8881650
8881651
8881652
8881653
8881654
8881655
8881656
8881657
8881658
8881659
8881660
8881661
8881662
8881663
8881664
8881665
8881666
8881667
8881668
8881669
8881670
8881671
8881672
8881673
8881674
8881675
8881676
8881677
8881678
8881679
8881680
8881681
8881690
8881691
8881692
8881693
8881700
8881701
8881702
8881705
8881706
8881707
8881710
8881711
8881712
8881715
8881730
8881731
8881732
8881735
8881736
8881737
8881740
8881741
8881742
8881745
8881760
8881761
8881762
8881765
8881766
8881767
8881770
8881771
8881772
8881775
8881790
8881791
8881792
8881795
8881796
8881797
8881800
8881801
8881802
8881805
8881820
8881821
8881822
8881860
8881861
8881864
8881868
8881870
8881871
8881874
8881878
8890000
8890001
8890002
8900000
8900001
8900002
8900003
8900100
8900101
8900102
8900103
8910000
8910001
8910100
8920000
8920001
8920002
8920003
8920004
8920005
8920006
8920100
8920101
8920102
8920103
8920104
8920105
8920106
8930000
8930001
8930100
8940000
8940001
8940002
8940003
8940004
8940005
8940006
8940007
8940008
8940009
8940010
8940011
8940012
8940013
8940014
8940015
8940016
8940017
8940018
8940019
8940020
8940021
8940022
8940023
8940024
8940025
8940026
8940027
8940028
8940029
8940030
8940031
8940032
8940033
8940034
8940035
8940036
8940037
8940038
8940039
8940040
8950000
8950001
8950002
8950003
8950004
8950005
8950006
8950007
8950100
8950101
8950102
8950103
8950104
8950105
8950106
8950107
8950108
8950109
8950110
8950111
8950112
8950113
8950114
8950115
8950116
8950117
8950118
8950119
8950120
8950121
8950122
9000001
9000002
9000100
9000101
9000200
9000201
9000300
9000301
9001000
9001001
9001002
9001003
9001004
9001005
9001006
9001007
9001008
9001009
9001010
9001011
9001012
9001013
9001014
9001015
9001016
9001017
9001018
9001019
9001020
9001021
9001022
9001023
9001024
9001025
9001026
9001027
9001028
9001029
9001030
9001031
9001032
9001033
9001034
9001035
9001036
9001037
9001038
9001039
9001040
9001041
9001042
9001043
9001044
9001045
9001046
9001047
9001048
9001049
9001050
9001051
9001052
9001053
9001054
9001055
9001056
9001057
9001058
9001059
9001060
9001061
9001062
9001063
9001064
9001065
9001066
9001067
9001068
9001069
9001070
9001071
9010000
9010001
9010002
9010003
9010004
9010005
9010007
9010008
9010009
9010010
9010011
9010012
9010013
9010014
9010015
9010016
9010017
9010018
9010019
9010020
9010021
9010022
9010023
9010024
9010025
9010026
9010027
9010028
9010029
9010030
9010031
9010032
9010033
9010034
9010035
9010036
9010037
9010038
9010039
9010040
9010041
9010042
9010043
9010044
9010045
9010046
9010047
9010048
9010049
9010050
9010051
9010052
9010053
9010054
9010055
9010056
9010057
9010058
9010059
9010060
9010061
9010062
9010063
9010064
9010065
9010066
9010067
9010068
9010069
9010070
9010071
9010072
9010073
9010074
9010075
9010076
9010077
9010078
9010079
9010080
9010081
9010082
9010083
9010084
9010085
9010086
9010087
9010088
9010089
9010090
9010091
9010092
9010093
9010094
9010095
9010096
9010098
9010099
9010100
9010101
9010102
9010103
9010104
9010105
9010106
9010107
9010108
9010109
9010110
9010111
9010112
9010113
9010114
9010115
9010116
9010117
9010118
9010119
9010120
9010121
9010122
9010123
9010124
9010125
9010126
9010127
9010128
9010129
9010130
9010131
9010132
9010133
9010134
9010135
9010136
9010137
9010138
9010139
9010140
9010141
9010142
9010143
9010144
9010145
9010146
9010147
9010148
9010149
9010150
9010151
9010152
9010153
9010154
9010155
9010156
9010157
9010158
9010159
9010160
9010161
9010162
9010163
9010164
9010165
9010166
9010167
9010168
9010169
9010170
9010171
9010172
9010173
9010174
9010175
9010176
9010177
9010178
9010179
9010180
9010181
9010182
9010183
9010184
9010185
9010186
9010187
9010188
9010189
9010190
9010191
9010192
9010193
9010194
9010195
9010196
9010197
9010198
9010199
9020000
9020001
9020002
9020003
9020004
9020005
9020006
9020007
9020008
9020009
9020010
9020011
9020012
9020013
9020014
9020015
9020016
9020017
9020018
9020019
9020020
9020021
9020022
9020023
9020024
9020025
9020026
9020027
9020028
9020029
9020030
9020031
9020032
9020100
9020101
9020102
9020103
9020104
9020105
9020106
9020107
9020200
9020300
9020301
9020302
9020303
9020304
9020305
9020306
9020307
9020308
9020309
9020310
9020311
9020312
9020313
9020314
9020315
9020316
9020317
9020318
9020319
9020320
9020321
9020322
9100000
9100001
9100002
9100003
9100004
9100005
9100006
9100007
9100008
9100009
9100010
9100011
9100012
9100013
9100014
9100015
9100016
9100017
9100018
9100019
9100020
9100021
9100022
9100023
9100024
9100025
9100026
9100027
9100028
9100029
9100030
9100031
9100032
9100033
9100034
9100035
9100036
9100037
9100038
9100039
9100040
9100041
9100043
9100044
9100045
9100046
9100047
9100048
9100049
9100050
9101078
9101092
9101093
9101129
9101130
9101131
9101132
9101133
9101134
9101135
9101136
9101137
9101138
9101141
9101142
9101143
9101144
9101145
9101146
9101147
9101148
9101149
9101150
9101151
9101152
9101153
9101154
9101155
9101156
9101157
9101162
9101163
9101164
9101165
9101166
9101167
9101168
9101169
9101170
9101171
9101172
9101173
9101174
9101175
9101176
9101177
9101178
9101179
9101180
9101181
9101182
9101183
9101184
9101185
9101186
9101187
9101188
9101189
9101190
9101191
9101192
9101194
9101195
9101196
9101197
9101198
9101201
9101202
9101203
9101204
9101205
9101206
9101207
9101208
9101209
9200000
9200001
9200002
9200003
9200004
9200005
9200006
9200007
9200008
9200009
9200010
9200011
9200012
9200013
9200014
9200015
9200016
9200017
9200018
9200019
9200020
9200021
9200022
9300000
9300001
9300002
9300003
9300004
9300005
9300006
9300007
9300008
9300009
9300010
9300011
9300012
9300013
9300014
9300015
9300016
9300017
9300018
9300019
9300020
9300021
9300022
9300023
9300024
9300025
9300026
9300027
9300028
9300029
9300030
9300031
9300032
9300033
9300034
9300035
9300036
9300037
9300038
9300039
9300040
9300041
9300042
9300043
9300044
9300045
9300046
9300047
9300048
9300049
9300050
9300051
9300052
9300053
9300054
9300055
9300056
9300057
9300058
9300059
9300060
9300061
9300062
9300063
9300064
9300065
9300066
9300067
9300068
9300069
9300070
9300071
9300072
9300073
9300074
9300075
9300076
9300077
9300078
9300079
9300080
9300081
9300082
9300083
9300084
9300085
9300086
9300087
9300088
9300089
9300090
9300091
9300092
9300093
9300094
9300095
9300096
9300097
9300098
9300099
9300100
9300101
9300102
9300103
9300104
9300105
9300106
9300107
9300108
9300109
9300110
9300111
9300112
9300113
9300114
9300115
9300116
9300117
9300118
9300119
9300120
9300121
9300122
9300123
9300124
9300125
9300126
9300127
9300128
9300129
9300130
9300131
9300132
9300133
9300134
9300135
9300136
9300137
9300138
9300139
9300140
9300141
9300142
9300143
9300144
9300145
9300146
9300147
9300148
9300149
9300150
9300151
9300152
9300153
9300154
9300155
9300156
9300157
9300158
9300159
9300160
9300161
9300162
9300163
9300164
9300165
9300166
9300167
9300168
9300169
9300170
9300171
9300172
9300173
9300174
9300175
9300176
9300177
9300178
9300179
9300180
9300181
9300182
9300183
9300184
9300185
9300186
9300187
9300188
9300189
9300190
9300191
9300192
9300193
9300194
9300195
9300196
9300197
9300198
9300199
9300200
9300201
9300202
9300203
9300204
9300205
9300206
9300207
9300208
9300209
9300210
9300211
9300212
9300213
9300214
9300215
9300216
9300217
9300218
9300219
9300220
9300221
9300222
9300223
9300224
9300225
9300226
9300227
9300228
9300229
9300230
9300231
9300232
9300233
9300234
9300235
9300236
9300237
9300238
9300239
9300240
9300241
9300242
9300243
9300244
9300245
9300246
9300247
9300248
9300249
9300250
9300251
9300252
9300253
9300254
9300255
9300256
9300257
9300258
9300259
9300260
9300261
9300262
9300263
9300264
9300265
9300266
9300267
9300268
9300269
9300270
9300271
9300272
9300273
9300274
9300275
9300276
9300277
9300278
9300279
9300280
9300281
9300282
9300283
9300284
9300285
9300286
9300287
9300288
9300289
9300290
9300291
9300292
9300293
9300294
9300295
9300296
9300297
9300298
9300299
9300300
9300301
9300302
9300303
9300304
9300305
9300306
9300307
9300308
9300309
9300311
9300312
9300313
9300314
9300315
9300316
9300317
9300318
9300319
9300320
9300321
9300322
9300323
9300324
9300325
9300326
9300327
9300328
9300329
9300330
9300331
9300332
9300334
9300335
9300336
9300337
9300338
9300339
9300340
9300341
9300342
9300343
9300344
9300345
9300346
9300347
9300348
9300349
9300350
9300351
9300352
9300353
9300354
9300355
9300356
9300357
9300358
9300359
9300360
9300361
9300362
9300363
9300364
9300365
9300366
9300367
9300368
9300369
9300370
9300371
9300372
9300373
9300374
9300375
9300376
9300377
9300378
9300379
9300380
9300381
9300382
9300383
9300385
9300386
9300387
9300388
9300389
9300390
9300391
9300392
9300393
9300394
9300395
9300396
9300408
9300409
9300410
9300411
9300412
9300413
9300414
9300415
9300416
9300417
9300418
9300419
9300420
9300421
9300422
9300423
9300424
9300425
9300426
9300427
9300428
9300429
9300430
9300431
9300432
9300433
9300434
9300435
9300436
9300437
9300438
9300439
9300440
9300441
9300442
9300443
9300444
9300445
9300446
9300447
9300448
9300449
9300450
9300451
9300452
9300453
9300454
9300455
9300456
9300457
9300458
9300459
9300460
9300461
9300462
9300463
9300464
9300465
9300466
9300468
9300469
9300470
9300471
9300472
9300473
9300474
9300475
9300476
9300477
9300478
9300479
9300480
9300481
9300482
9300483
9300484
9300485
9300486
9300487
9300488
9300489
9300490
9300491
9300492
9300493
9300495
9300496
9300497
9300498
9300499
9300500
9300501
9300502
9300503
9300504
9300505
9300506
9300507
9300510
9300511
9300512
9300513
9300514
9300515
9300516
9300517
9300518
9300519
9300520
9300521
9300522
9300523
9300524
9300525
9300526
9300527
9300528
9300529
9300530
9300531
9300532
9300533
9300534
9300535
9300536
9300537
9300538
9300539
9300540
9300541
9300542
9300543
9300544
9300545
9300546
9300547
9300548
9300549
9300550
9300551
9300552
9300553
9300554
9300555
9300556
9300557
9300558
9300559
9300560
9300561
9300562
9300563
9300564
9300565
9300566
9300567
9300568
9300569
9300570
9300571
9300572
9300573
9300574
9300575
9300576
9300577
9300578
9300579
9300580
9300581
9300582
9300583
9300584
9300585
9300586
9300587
9300588
9300589
9300590
9300591
9300592
9300593
9300594
9300595
9300596
9300597
9300598
9300599
9300600
9300601
9300602
9300603
9300604
9300605
9300606
9300607
9300608
9300609
9300610
9300611
9300612
9300613
9300614
9300615
9300616
9300617
9300618
9300619
9300620
9300621
9300622
9300623
9300624
9300625
9300626
9300627
9300628
9300629
9300630
9300631
9300632
9300633
9300634
9300635
9300636
9300637
9300638
9300639
9300640
9300641
9300642
9300643
9300644
9300645
9300646
9300647
9300648
9300649
9300650
9300651
9300652
9300653
9300654
9300655
9300656
9300657
9300658
9300659
9300660
9300661
9300662
9300663
9300664
9300665
9300666
9300667
9300668
9300669
9300670
9300671
9300672
9300673
9300674
9300675
9300676
9300677
9300678
9300679
9300680
9300681
9300682
9300683
9300684
9300685
9300686
9300687
9300688
9300689
9300690
9300691
9300692
9300693
9300694
9300695
9300696
9300697
9300698
9300699
9300700
9300701
9300702
9300703
9300704
9300705
9300706
9300707
9300708
9300709
9300710
9300711
9300712
9300713
9300714
9300715
9300716
9300717
9300718
9300719
9300720
9300721
9300722
9300723
9300724
9300725
9300726
9300727
9300728
9300729
9300730
9300731
9300732
9300733
9300734
9300735
9300736
9300737
9300738
9300739
9300740
9300741
9300742
9300743
9300744
9300745
9300746
9300747
9300748
9300749
9300750
9300751
9300752
9300753
9300754
9300755
9300756
9300757
9300758
9300759
9300760
9300761
9300762
9300763
9300764
9300765
9300766
9300767
9300768
9300769
9300770
9300771
9300772
9300773
9300774
9300775
9300776
9300777
9300778
9300779
9300780
9300781
9300782
9300783
9300784
9300785
9300786
9300787
9300788
9300789
9300790
9300791
9300792
9300793
9300794
9300795
9300796
9300797
9300798
9300799
9300800
9300801
9300802
9300803
9300804
9300805
9300806
9300807
9300808
9300809
9300810
9300811
9300812
9300813
9300814
9300815
9300816
9300817
9300818
9300819
9300820
9300821
9300822
9300823
9300824
9300825
9300826
9300827
9300828
9300829
9300830
9300831
9300832
9300833
9300834
9300835
9300836
9300837
9300838
9300839
9300840
9300841
9300842
9300843
9300844
9300845
9300846
9300847
9300848
9300849
9300850
9300851
9300852
9300853
9300854
9300855
9300856
9300857
9300858
9300859
9300860
9300861
9300862
9300863
9300864
9300865
9300866
9300867
9300868
9300869
9300870
9300871
9300872
9300873
9300874
9300875
9300876
9300877
9300878
9300879
9300880
9300881
9300882
9300883
9300884
9300885
9300886
9300887
9300888
9300889
9300890
9300891
9300892
9300893
9300900
9300901
9300902
9300903
9300904
9300905
9300906
9300907
9300908
9300909
9300910
9300911
9300912
9300920
9300921
9300922
9300925
9300926
9300927
9300928
9300930
9300931
9300932
9300933
9300934
9300935
9300936
9300937
9300938
9300939
9300940
9300941
9300942
9300943
9300944
9300945
9300946
9300947
9300948
9300949
9300950
9300951
9300952
9300955
9300956
9300957
9300958
9300959
9300960
9300961
9300962
9300963
9300964
9300965
9300966
9300967
9300968
9300969
9300970
9300971
9300972
9300973
9302000
9302001
9302002
9302003
9302004
9302005
9302006
9302007
9302008
9302009
9302010
9302011
9302012
9302013
9302014
9302015
9302016
9302017
9302018
9302019
9302020
9302021
9302022
9302023
9302024
9302025
9302026
9302027
9302028
9302029
9302030
9302031
9302032
9302033
9302034
9302035
9302036
9302037
9302038
9302039
9302040
9302041
9302042
9302043
9302044
9302045
9302046
9302047
9302048
9303000
9303001
9303002
9303003
9303004
9303005
9303006
9303007
9303008
9303009
9303010
9303011
9303012
9303013
9303014
9303015
9303016
9303020
9303021
9303022
9303023
9303024
9303025
9303026
9303030
9303031
9303032
9303033
9303034
9303035
9303036
9303037
9303038
9303039
9303040
9303041
9303042
9303043
9303050
9303051
9303060
9303061
9303062
9303063
9303064
9303070
9303071
9303072
9303073
9303074
9303075
9303076
9303077
9303078
9303079
9303080
9303081
9303082
9303083
9303084
9303085
9303086
9303087
9303088
9303089
9303090
9303091
9303092
9303093
9303094
9303095
9303096
9303097
9303098
9303099
9303100
9303101
9303102
9303103
9303104
9303105
9303106
9303107
9303108
9303110
9303111
9303112
9303113
9303114
9303115
9303116
9303117
9303118
9303119
9303120
9303121
9303122
9303123
9303124
9303125
9303126
9303127
9303128
9303129
9303130
9303131
9303132
9303133
9303134
9303135
9303136
9303137
9303138
9303139
9303140
9303141
9303142
9303143
9303144
9303145
9303146
9303147
9303148
9303149
9303150
9303151
9303152
9303153
9303154
9303155
9303156
9303157
9303158
9303159
9303160
9303161
9303162
9303163
9303164
9303165
9303166
9303167
9303168
9303169
9303200
9303201
9303202
9303203
9303204
9303205
9303206
9303207
9303208
9303209
9303210
9303211
9303212
9303213
9303214
9303215
9303216
9303217
9303220
9303221
9303222
9303223
9303224
9303225
9303226
9303227
9303228
9303229
9303230
9303231
9303232
9303233
9303234
9303235
9303236
9303237
9303238
9303239
9304000
9304001
9304002
9304003
9304004
9304005
9304006
9304007
9304008
9305000
9305001
9305002
9305003
9305004
9305005
9305006
9305007
9305100
9305101
9305102
9305103
9305104
9305105
9305106
9305107
9305108
9305109
9305110
9305111
9305112
9305113
9305114
9305115
9305116
9305117
9305118
9305119
9305120
9305121
9305122
9305123
9305124
9305125
9305126
9305127
9305128
9305129
9305130
9305131
9305132
9305133
9305134
9305135
9305136
9305137
9305138
9305139
9305200
9305201
9305202
9305203
9305204
9305205
9305206
9305207
9305208
9305209
9305210
9305211
9305212
9305213
9305214
9305215
9305216
9305217
9305218
9305219
9305220
9305221
9305222
9305223
9305224
9305225
9305226
9305227
9305228
9305229
9305230
9305231
9305232
9305233
9305234
9305235
9305236
9305237
9305238
9305239
9305300
9305301
9305302
9305303
9305304
9305305
9305306
9305307
9305308
9305309
9305310
9305311
9305312
9305313
9305314
9305315
9305316
9305317
9305318
9305319
9305320
9305321
9305322
9305323
9305324
9305325
9305326
9305327
9305328
9305329
9305330
9305331
9305332
9305333
9305334
9305335
9305336
9305337
9305338
9305339
9305400
9305401
9305402
9305403
9305404
9305405
9305406
9305407
9305408
9305409
9305410
9305411
9305412
9305413
9305414
9305415
9305416
9305417
9305418
9305419
9305420
9305421
9305422
9305500
9305501
9305502
9305503
9305504
9305505
9305506
9305507
9305508
9305509
9305510
9305511
9305512
9305513
9305514
9305515
9305516
9305517
9305518
9305519
9305520
9305521
9305522
9305600
9305601
9305602
9305603
9305604
9305605
9305606
9305607
9305608
9305609
9305610
9305611
9305612
9305613
9305614
9305615
9305616
9305617
9305618
9305619
9305620
9305621
9305622
9305623
9305624
9305625
9305626
9305627
9305628
9305629
9305630
9305631
9305632
9305633
9305634
9305635
9305636
9305637
9305638
9305639
9305640
9305641
9305642
9305643
9305644
9305645
9305646
9305647
9305648
9305649
9305650
9305651
9305652
9305653
9305654
9305655
9305656
9305657
9305658
9305659
9305660
9305661
9305662
9305663
9305664
9305665
9305666
9305667
9305668
9305669
9305670
9305671
9305672
9305673
9305674
9305675
9305676
9305677
9305678
9305679
9305680
9305681
9305682
9305683
9305684
9305685
9305686
9305687
9305688
9305689
9305690
9305691
9305692
9305693
9305694
9305695
9305696
9305697
9305698
9305699
9305700
9305701
9305702
9305703
9305704
9305705
9305706
9305707
9305708
9305709
9305710
9305711
9305712
9305713
9305714
9305715
9305716
9305717
9305718
9305719
9305720
9305721
9305722
9305723
9305724
9305725
9305726
9305727
9305728
9305729
9305730
9305731
9305732
9305733
9305734
9305735
9306000
9306001
9306002
9306003
9306004
9306005
9306006
9306007
9306008
9306100
9306101
9306102
9306103
9306104
9306105
9306107
9306108
9306109
9306110
9306111
9306112
9306200
9306201
9306202
9306203
9306204
9306205
9306206
9306207
9306300
9306301
9306302
9306303
9306304
9306305
9306306
9306307
9306308
9306309
9307000
9307001
9307002
9307003
9307004
9307005
9307006
9307007
9307008
9307009
9307010
9307011
9307012
9307013
9308000
9308001
9308002
9308003
9308004
9308005
9308006
9308007
9308008
9308009
9308010
9308011
9308012
9308013
9308014
9308015
9308016
9308017
9308018
9308019
9308020
9308021
9308022
9308023
9308024
9308025
9308026
9308027
9308028
9308029
9308030
9309000
9309001
9309002
9309003
9309004
9309005
9309006
9309007
9309008
9309009
9309010
9309011
9309012
9309013
9309014
9309015
9309016
9309017
9309018
9309019
9309020
9309021
9309022
9309023
9309024
9309025
9309026
9309027
9309028
9309029
9309030
9309031
9309032
9309033
9309034
9309035
9309036
9309037
9309038
9309039
9309040
9309041
9309042
9309043
9309044
9309045
9309046
9309047
9309048
9309049
9309050
9309051
9309052
9309053
9309054
9309055
9309056
9309057
9309058
9309059
9309060
9309061
9309062
9309063
9309064
9309065
9309066
9309067
9309068
9309069
9309070
9309071
9309072
9309073
9309074
9309075
9309076
9309077
9309078
9309079
9309080
9309081
9309082
9309083
9309084
9309085
9309086
9309087
9309088
9309089
9309090
9309091
9309092
9309093
9309094
9309095
9309096
9309097
9309098
9309099
9309100
9309101
9309102
9309103
9309104
9309105
9309106
9309107
9309108
9309109
9309110
9309111
9309112
9309113
9309114
9309115
9309116
9309117
9309118
9309119
9309123
9309124
9309125
9309126
9309127
9309128
9309129
9309130
9309131
9309132
9309133
9309134
9309135
9309136
9309137
9309138
9309200
9309201
9309202
9309203
9309204
9309205
9309206
9309207
9309208
9309209
9309210
9309211
9309212
9309213
9309214
9309300
9390200
9390201
9390202
9390203
9390204
9390205
9390206
9390207
9390300
9390301
9390302
9390303
9390304
9390305
9390306
9390307
9390500
9390501
9400000
9400001
9400002
9400003
9400004
9400011
9400012
9400013
9400014
9400205
9400513
9410000
9410001
9410002
9410003
9410004
9410005
9410006
9410007
9410008
9410009
9410010
9410011
9410012
9410013
9410014
9410015
9420000
9420001
9420002
9420003
9420004
9420005
9500000
9500001
9500002
9500003
9500004
9500005
9500006
9500007
9500008
9500100
9500101
9500102
9500103
9500104
9500105
9500106
9500107
9500108
9500109
9500110
9500111
9500112
9500113
9500114
9500115
9500116
9500117
9500118
9500119
9500120
9500121
9500122
9500123
9500124
9500125
9500126
9500127
9500128
9500129
9500130
9500131
9500132
9500133
9500134
9500135
9500136
9500137
9500138
9500139
9500140
9500141
9500142
9500143
9500144
9500145
9500146
9500147
9500148
9500149
9500150
9500151
9500152
9500153
9500154
9500155
9500156
9500157
9500158
9500159
9500160
9500161
9500162
9500163
9500164
9500165
9500166
9500167
9500168
9500169
9500170
9500171
9500172
9500173
9500174
9500175
9500176
9500177
9500178
9500179
9500180
9500181
9500182
9500183
9500184
9500185
9500186
9500187
9500188
9500189
9500190
9500191
9500192
9500193
9500194
9500195
9500196
9500197
9500198
9500199
9500200
9500201
9500202
9500203
9500204
9500300
9500301
9500302
9500303
9500304
9500305
9500306
9500307
9500308
9500309
9500310
9500311
9500312
9500313
9500314
9500315
9500316
9500317
9500318
9500319
9500320
9500321
9500322
9500323
9500324
9500325
9500326
9500327
9500328
9500329
9500330
9500331
9500332
9500333
9500334
9500335
9500336
9500337
9500338
9500339
9500340
9500341
9500342
9500343
9500344
9500345
9500346
9500347
9500348
9500349
9500350
9500351
9500352
9500353
9500354
9500355
9500356
9500357
9500358
9500359
9500360
9500361
9500362
9500363
9500364
9500365
9500366
9500367
9500368
9500369
9500370
9500371
9500372
9500373
9500374
9500375
9500376
9500377
9500378
9500379
9500380
9500381
9500382
9500390
9500391
9500393
9500394
9500395
9500396
9500397
9500398
9500399
9500400
9500401
9500402
9500403
9500404
9500405
9500406
9500407
9500422
9500423
9500424
9500425
9500426
9500427
9500428
9500429
9500430
9500431
9500432
9500433
9500434
9500435
9500436
9500437
9500438
9500439
9500440
9500441
9500442
9500443
9500444
9500445
9500446
9500447
9500448
9500449
9500450
9500451
9500452
9500453
9500454
9500455
9500456
9500457
9500458
9500459
9500460
9500461
9500462
9500463
9500464
9500465
9500466
9500467
9500468
9500469
9500470
9500471
9500472
9500473
9500474
9500475
9500477
9500478
9500479
9500480
9500481
9500482
9500483
9500484
9500485
9500486
9500487
9500488
9500489
9500490
9500491
9500492
9500493
9500494
9500495
9500496
9500497
9500498
9500499
9500500
9500501
9500502
9500503
9500504
9500505
9500506
9500507
9500508
9500509
9500510
9500511
9500512
9500513
9500514
9500515
9500516
9500517
9500518
9500519
9500520
9500521
9500522
9500523
9500524
9500525
9500526
9500527
9500528
9500529
9500530
9500531
9500532
9500533
9500534
9500535
9500536
9500544
9500545
9500546
9500547
9500548
9500549
9500550
9500551
9500552
9500553
9500554
9500555
9500556
9500557
9500558
9500559
9500560
9500561
9500562
9500563
9500564
9500565
9500566
9500567
9500568
9500569
9500570
9500571
9500572
9500573
9500574
9500575
9500576
9500577
9500578
9500579
9500580
9500581
9500582
9500583
9500584
9500585
9500586
9500587
9500588
9500589
9500591
9500592
9500593
9500594
9500595
9500596
9500597
9500598
9500599
9500600
9500601
9500602
9500603
9500604
9500605
9500606
9500607
9500608
9500609
9500611
9500612
9500613
9500614
9500615
9500616
9500617
9500618
9500619
9500620
9500621
9500622
9500623
9500624
9500625
9500626
9500627
9500628
9500629
9500630
9500631
9500632
9500633
9500634
9500635
9500636
9500637
9500638
9500639
9500640
9500641
9500642
9500643
9500644
9500645
9500646
9500647
9500648
9500649
9500650
9500651
9500652
9500653
9500654
9500655
9500656
9500657
9500658
9500659
9500660
9500661
9500662
9500663
9500664
9500665
9500666
9500667
9500668
9500669
9500670
9500671
9500672
9500673
9500674
9500675
9500676
9500677
9500678
9500679
9500680
9500681
9500682
9500683
9500684
9500685
9500686
9500687
9500688
9500689
9500690
9500691
9500692
9500693
9500694
9500695
9500696
9500697
9500698
9500699
9500700
9500701
9500702
9500703
9500704
9500705
9500706
9500707
9500708
9500709
9500710
9500711
9500712
9500713
9500800
9500801
9500802
9500803
9500804
9500805
9500806
9500807
9501000
9501001
9501002
9501003
9501004
9501005
9501006
9501007
9501008
9501009
9501010
9501011
9501012
9501013
9501014
9501015
9501016
9501017
9501018
9501019
9501020
9501021
9501022
9501024
9501025
9501026
9501027
9501028
9501029
9501030
9501031
9501032
9501033
9501034
9501035
9501036
9501037
9501038
9501039
9501040
9501041
9501042
9501043
9501044
9501045
9501046
9501047
9501048
9501049
9501050
9501051
9501052
9501053
9501054
9501055
9501056
9600001
9600002
9600003
9600004
9600005
9600006
9600007
9600008
9600009
9600010
9700000
9700001
9700002
9700003
9700004
9700005
9700006
9700007
9700008
9700009
9700010
9700011
9700012
9700013
9700014
9700015
9700016
9700017
9700018
9700019
9700020
9700021
9700022
9700023
9700024
9700025
9700026
9700027
9700028
9700029
9700030
9700031
9700032
9700033
9700034
9700035
9700036
9700037
9700038
9800000
9800001
9800002
9800003
9800004
9800005
9800006
9800007
9800008
9800009
9800010
9800011
9800012
9800013
9800014
9800015
9800016
9800017
9800018
9800019
9800020
9800021
9800022
9800023
9800024
9800025
9800026
9800027
9800028
9800029
9800030
9800031
9800032
9800033
9800034
9800035
9800036
9800037
9800038
9800039
9800040
9800041
9800042
9800043
9800044
9800045
9800046
9800047
9800048
9800049
9800050
9800051
9800052
9800053
9800054
9800055
9800056
9800057
9800058
9800059
9800060
9800061
9800062
9800063
9800064
9800065
9800066
9800067
9800068
9800069
9800070
9800071
9800072
9800073
9800074
9800075
9800076
9800077
9800078
9800079
9800080
9800081
9800082
9800083
9800084
9800085
9800086
9800087
9800088
9800089
9800090
9800091
9800092
9800093
9800094
9800095
9800096
9800097
9800098
9800099
9800100
9800101
9800102
9800103
9800104
9800105
9800106
9800107
9800108
9800109
9800110
9800111
9800112
9800113
9800114
9800115
9800116
9800117
9800118
9800119
9800120
9800121
9800122
9800123
9800124
9800126
9800127
9800128
9800129
9800130
9800131
9800132
9800133
9800134
9800135
9800136
9800137
9800138
9800139
9800140
9800141
9800142
9800143
9800144
9800145
9800146
9800147
9800148
9800149
9800150
9800151
9800152
9800153
9800154
9800155
9800156
9800157
9800158
9800159
9800160
9800161
9800162
9800163
9800164
9800165
9800166
9800167
9800168
9800169
9800170
9800171
9800172
9800173
9800174
9800175
9800176
9800177
9800178
9800179
9800180
9800181
9800182
9800183
9800184
9800185
9800186
9800187
9800188
9800189
9800190
9800191
9800192
9800193
9800194
9800195
9800196
9800197
9800198
9800199
9800200
9800201
9800202
9800203
9800204
9800205
9800206
9800207
9800208
9800209
9800210
9800211
9800212
9800213
9800214
9800215
9800216
9800217
9800218
9800219
9800220
9800221
9800222
9800223
9800224
9800225
9800226
9800227
9800228
9800229
9800230
9800231
9800232
9800233
9800234
9800235
9800236
9800237
9800238
9800239
9800240
9800241
9800242
9800243
9800244
9800245
9800246
9800247
9800248
9800249
9800250
9800251
9800252
9800253
9800254
9800255
9800256
9800257
9800258
9800259
9800260
9800261
9800262
9800263
9800264
9800265
9800266
9800267
9800268
9800269
9800270
9800271
9800272
9800273
9800274
9800275
9800276
9800277
9800278
9800279
9800280
9800281
9800282
9800283
9800284
9800285
9800286
9800287
9800288
9800289
9800290
9800291
9800292
9800293
9800294
9800295
9800296
9800297
9800298
9800299
9800300
9800301
9800302
9800303
9800304
9800305
9800306
9800307
9800308
9800309
9800310
9800311
9800312
9800313
9800314
9800315
9800316
9800317
9800318
9800319
9800320
9800321
9800322
9800323
9800324
9800325
9800326
9800327
9800328
9800329
9800330
9800331
9800332
9800333
9800334
9800335
9800336
9800337
9800338
9800339
9800340
9800341
9800342
9800343
9800344
9800345
9800346
9800347
9800348
9800349
9800350
9800351
9800352
9800353
9800354
9800355
9800356
9800357
9800358
9800359
9800360
9800361
9800362
9801000
9801001
9801002
9801003
9801004
9801005
9801006
9801007
9801008
9801009
9801010
9801011
9801012
9801013
9801014
9801015
9801016
9801017
9801018
9801019
9801020
9801021
9801022
9801023
9801024
9801025
9801026
9801027
9801500
9801501
9801502
9801503
9801504
9801505
9801506
9801507
9801508
9801509
9802000
9802001
9802002
9802003
9802004
9802005
9802006
9802007
9802008
9802009
9803000
9803001
9803002
9803003
9803004
9803005
9803006
9803007
9803008
9803009
9803010
9803011
9803012
9803013
9803014
9803015
9803016
9803017
9803018
9803019
9803020
9803021
9803022
9803023
9803024
9803025
9803026
9803027
9803028
9803029
9803030
9803031
9803032
9803050
9803051
9803052
9803053
9803054
9803055
9803056
9803057
9803058
9803059
9803060
9803061
9803062
9803063
9803064
9803065
9803066
9803067
9803068
9803069
9803070
9803071
9803072
9803073
9803074
9803075
9810000
9810001
9810100
9810101
9810102
9810103
9810200
9810201
9810202
9810300
9810301
9810302
9810303
9810304
9810305
9810400
9810401
9810402
9810403
9820000
9820001
9820002
9820003
9820004
9820005
9820006
9820007
9820008
9820009
9820010
9820011
9820012
9830000
9830001
9830002
9830003
9830004
9830005
9830006
9830007
9830008
9830009
9830010
9830011
9830012
9830013
9830014
9830015
9830016
9830017
9830018
9831000
9831001
9831002
9831003
9831004
9831005
9831006
9831007
9831008
9831009
9831010
9831011
9831012
9831013
9831014
9832001
9832002
9832003
9832004
9832005
9832006
9832010
9832011
9832012
9832013
9832014
9832015
9832016
9832017
9832018
9832019
9832020
9832021
9832022
9832023
9832024
9832050
9832051
9832052
9832053
9832054
9833000
9833001
9833002
9833003
9833004
9833006
9833007
9833008
9833009
9833010
9833020
9833030
9833031
9833032
9833033
9833034
9833035
9833036
9833037
9833038
9833039
9833040
9833041
9833042
9833043
9833044
9833045
9833046
9833050
9833051
9833052
9833053
9833054
9833055
9833056
9833057
9833058
9833059
9833060
9833061
9833062
9833063
9833064
9833065
9833066
9833070
9833071
9833072
9833073
9833074
9833080
9833081
9833082
9833083
9833084
9833090
9833091
9833092
9833093
9833094
9833095
9833096
9833097
9833098
9833099
9833100
9833101
9833102
9833103
9833104
9833105
9833106
9833107
9833108
9833109
9833110
9833111
9833201
9833202
9833203
9833204
9833205
9833210
9833211
9833212
9833213
9833214
9833215
9833216
9833217
9833218
9833219
9833220
9833221
9833222
9833223
9833224
9833225
9833226
9833227
9833228
9833229
9833230
9833231
9833232
9833233
9833234
9833235
9833236
9833237
9833238
9833239
9833240
9833241
9833242
9833245
9833246
9833247
9833248
9833249
9833250
9833251
9833252
9833253
9833254
9833255
9833256
9833257
9833258
9833259
9833260
9833261
9833262
9833263
9833264
9833265
9833266
9833267
9833268
9833269
9833270
9833271
9833272
9833273
9833274
9833275
9833276
9833277
9833278
9833279
9833280
9833281
9833282
9833283
9833284
9833285
9833286
9833287
9833289
9833290
9833291
9833292
9833293
9833294
9833295
9833296
9833297
9833298
9833299
9833300
9833301
9833302
9833303
9833304
9833305
9833306
9833307
9833308
9833309
9833310
9833311
9833312
9833313
9833314
9833315
9833316
9833317
9833318
9833319
9833320
9833321
9833322
9833323
9833324
9833325
9833326
9833327
9833336
9833337
9833338
9833339
9833340
9833341
9833342
9833343
9833344
9833345
9833346
9833347
9833348
9833349
9833350
9833351
9833352
9833353
9833354
9833355
9833356
9833357
9833358
9833359
9833360
9833361
9833362
9833363
9833364
9833365
9833366
9833367
9833368
9833369
9833370
9833371
9833372
9833373
9833374
9833375
9833376
9833377
9833380
9833381
9833382
9833383
9833384
9833385
9833386
9833387
9833388
9833389
9833390
9833391
9833392
9833393
9833394
9833400
9833401
9833402
9833403
9833404
9833405
9833406
9833407
9833408
9833409
9833410
9833411
9833412
9833413
9833414
9833415
9833416
9833417
9833418
9833419
9833420
9833421
9833430
9833431
9833432
9833433
9833434
9833435
9833436
9833437
9833438
9833439
9833440
9833441
9833442
9833443
9833444
9833445
9833446
9833447
9833448
9833449
9833450
9833451
9833452
9833453
9833454
9833455
9833456
9833457
9833458
9833459
9833460
9833461
9833462
9833463
9833464
9833465
9833466
9833467
9833468
9833469
9833470
9833471
9833472
9833473
9833474
9833475
9833476
9833477
9833478
9833479
9833480
9833481
9833482
9833483
9833484
9833485
9833486
9833487
9833488
9833489
9833490
9833491
9833492
9833493
9833494
9833495
9833496
9833497
9833498
9833499
9833500
9833501
9833502
9833503
9833504
9833505
9833506
9833507
9833508
9833509
9833510
9833511
9833512
9833513
9833514
9833515
9833516
9833517
9833518
9833519
9833520
9833521
9833522
9833523
9833524
9833525
9833526
9833527
9833528
9833529
9833530
9833531
9833532
9833533
9833534
9833535
9833536
9833537
9833538
9833539
9833540
9833541
9833542
9833543
9833544
9833545
9833546
9833547
9833548
9833549
9833550
9833551
9833552
9833553
9833554
9833555
9833556
9833557
9833558
9833559
9833560
9833561
9833562
9833563
9833564
9833565
9833566
9833567
9833568
9833631
9833632
9833633
9833634
9833635
9833636
9833637
9833638
9833640
9833641
9833642
9833643
9833650
9833651
9833652
9833653
9833654
9833655
9833656
9833657
9833658
9833659
9833660
9833661
9833662
9833663
9833664
9833665
9833666
9833667
9833668
9833669
9833670
9833671
9833672
9833673
9833674
9833675
9833676
9833677
9833678
9833679
9833680
9833681
9833682
9833683
9833684
9833685
9833686
9833687
9833688
9833689
9833690
9833691
9833692
9833693
9833694
9833695
9833696
9833697
9833698
9833699
9833700
9833701
9833703
9833706
9833707
9833708
9833709
9833710
9833711
9833712
9833713
9833714
9833715
9833716
9833717
9833718
9833719
9833720
9833721
9833722
9833723
9833724
9833725
9833726
9833727
9833730
9833731
9833732
9833733
9833734
9833735
9833736
9833737
9833738
9833739
9833740
9833741
9833742
9833743
9833744
9833745
9833746
9833747
9833748
9833749
9833750
9833751
9833752
9833753
9833754
9833755
9833756
9833757
9833758
9833759
9833760
9833761
9833762
9833763
9833764
9833765
9833766
9833767
9833768
9833769
9833770
9833771
9833772
9833773
9833774
9833775
9833776
9833777
9833778
9833779
9833780
9833781
9833782
9833783
9833784
9833785
9833786
9833787
9833788
9833789
9833790
9833791
9833792
9833793
9833794
9833795
9833800
9833801
9833802
9833820
9833821
9833822
9833823
9833824
9833825
9833826
9833827
9833828
9833829
9833830
9833831
9833832
9833833
9833834
9833835
9833836
9833837
9833838
9833839
9833840
9833841
9833842
9833843
9833844
9833845
9833846
9833847
9833848
9833849
9833850
9833851
9833852
9833853
9833854
9833855
9833856
9833857
9833858
9833859
9833860
9833861
9833862
9833863
9833864
9833865
9833867
9833869
9833871
9833873
9833874
9833875
9833876
9833877
9833878
9833879
9833880
9833881
9833882
9833883
9833884
9833885
9833886
9833887
9833888
9833889
9833890
9833891
9833892
9833893
9833894
9833895
9833896
9833897
9833898
9833899
9833900
9833901
9833902
9833903
9833904
9833905
9833906
9833910
9833911
9833912
9833913
9833914
9833915
9833916
9833917
9833918
9833919
9833920
9833921
9833922
9833923
9833924
9833925
9833926
9833927
9833928
9833929
9833930
9833931
9833932
9833933
9833934
9833935
9833936
9833937
9833938
9833939
9833940
9833941
9833942
9833943
9833944
9833945
9833946
9833947
9833948
9833949
9833950
9833951
9833952
9833953
9833954
9833955
9833956
9833957
9833958
9833959
9833960
9833961
9833962
9833963
9833964
9833965
9833966
9833967
9833968
9833969
9833970
9833971
9833972
9833973
9833974
9833975
9833976
9833977
9833978
9833979
9833980
9833981
9833982
9833983
9833984
9833985
9833986
9833987
9833988
9833991
9833992
9833993
9833994
9833995
9833996
9833997
9833998
9833999
9834000
9834001
9834002
9834003
9834004
9834005
9834006
9834007
9834008
9834009
9834010
9834011
9834012
9834013
9834014
9834015
9834016
9834017
9834020
9834021
9834022
9834023
9834024
9834025
9834026
9834027
9834028
9834029
9834030
9834031
9834032
9834033
9834034
9834035
9834036
9834037
9834038
9834039
9834040
9834041
9834042
9834043
9834044
9834045
9834046
9834047
9834048
9834049
9834050
9834051
9834052
9834053
9834054
9834055
9834056
9834057
9834058
9834059
9834060
9834061
9834062
9834063
9834064
9834065
9834066
9834067
9834068
9834069
9834070
9834071
9834072
9834073
9834074
9834077
9834078
9834079
9834080
9834081
9834082
9834083
9834084
9834085
9834086
9834087
9834088
9834089
9834090
9834091
9834092
9834093
9834094
9834095
9834096
9834097
9834098
9834099
9834100
9834101
9834102
9834103
9834104
9834105
9834106
9834107
9834108
9834109
9834110
9834111
9834112
9834113
9834114
9834115
9834116
9834117
9834118
9834119
9834120
9834121
9834122
9834123
9834124
9834125
9834126
9834127
9834128
9834129
9834130
9834131
9834132
9834133
9834134
9834135
9834136
9834137
9834138
9834139
9834140
9834141
9834142
9834143
9834144
9834145
9834146
9834147
9834148
9834149
9834150
9834151
9834152
9834153
9834154
9834155
9834156
9834157
9834158
9834159
9834160
9834161
9834162
9834163
9834164
9834165
9834166
9834168
9834169
9834170
9834171
9834172
9834173
9834174
9834175
9834176
9834177
9834178
9834179
9834180
9834181
9834182
9834183
9834184
9834185
9834186
9834187
9834188
9834189
9834190
9834191
9834192
9834193
9834194
9834195
9834196
9834197
9834198
9834199
9834200
9834201
9834202
9834203
9834204
9834205
9834206
9834207
9834208
9834209
9834210
9834211
9834212
9834213
9834214
9834215
9834216
9834217
9834218
9834219
9834220
9834221
9834222
9834223
9834224
9834225
9834226
9834227
9834228
9834229
9834230
9834231
9834232
9834233
9834234
9834235
9834236
9834237
9834238
9834239
9834240
9834241
9834242
9834243
9834244
9834245
9834246
9834247
9834248
9834249
9834250
9834251
9834252
9834253
9834254
9834255
9834256
9834257
9834258
9834259
9834260
9834261
9834262
9834263
9834264
9834265
9834266
9834267
9834268
9834269
9834270
9834271
9834272
9834273
9834274
9834275
9834276
9834277
9834278
9834279
9834280
9834281
9834282
9834283
9834284
9834285
9834286
9834287
9834288
9834289
9834290
9834291
9834292
9834293
9834294
9834295
9834296
9834297
9834298
9834299
9834300
9834301
9834302
9834303
9834304
9834305
9834306
9834307
9834308
9834309
9834310
9834311
9834312
9834313
9834314
9834315
9834316
9834317
9834318
9834319
9834320
9834321
9834322
9834323
9834324
9834325
9834326
9834327
9834328
9834329
9834330
9834331
9834332
9834333
9834334
9834335
9834336
9834337
9834338
9834339
9834340
9834341
9834342
9834343
9834344
9834347
9834348
9834349
9834350
9834351
9834353
9834354
9834355
9834356
9834357
9834358
9834361
9834362
9834363
9834364
9834365
9834366
9834367
9834368
9834369
9834370
9834371
9834372
9834373
9834374
9834375
9834376
9834381
9834382
9834383
9834391
9834392
9834396
9834397
9834401
9834402
9834406
9834407
9834408
9834409
9834411
9834412
9834416
9834417
9834421
9834422
9834426
9834427
9834428
9834429
9834431
9834432
9834433
9834434
9834435
9834436
9834437
9834438
9834439
9834440
9834441
9834442
9834443
9834444
9834445
9834446
9834447
9834448
9834449
9834450
9834451
9834452
9834453
9834454
9834455
9834456
9834457
9834458
9834459
9834460
9834461
9834462
9834463
9834464
9834465
9834466
9834467
9834468
9834469
9834470
9834471
9834472
9834473
9834474
9834475
9834476
9834477
9834478
9834479
9834480
9834481
9834482
9834483
9834484
9834485
9834486
9834487
9834488
9834489
9834490
9834492
9834493
9834494
9834495
9834496
9834497
9834498
9834499
9834500
9834501
9834510
9834511
9834512
9834513
9834514
9834515
9834516
9834517
9834518
9834519
9834520
9834521
9834522
9834523
9834524
9834525
9834526
9834530
9834531
9834532
9834533
9834534
9834535
9834536
9834537
9834538
9834539
9834540
9834541
9834542
9834543
9834544
9834545
9834546
9834547
9834548
9834549
9834550
9834551
9834552
9834553
9834554
9834555
9834556
9834557
9834558
9834570
9834571
9834572
9834573
9834574
9834575
9834576
9834577
9834578
9834579
9834580
9834581
9834582
9834583
9834584
9834585
9834586
9834587
9834588
9834589
9834590
9834591
9834592
9834593
9834594
9834595
9834596
9834597
9834598
9834599
9834600
9834601
9834602
9834603
9834604
9834605
9834606
9834607
9834608
9834609
9834610
9834611
9834612
9834620
9834621
9834622
9834623
9834624
9834625
9834626
9834627
9834628
9834630
9834635
9834636
9834637
9834640
9834641
9834642
9834643
9834644
9834645
9834646
9834647
9834650
9834655
9834664
9834665
9834666
9834667
9834668
9834669
9834670
9834671
9834672
9834673
9834674
9834675
9834676
9834677
9834678
9834679
9834680
9834681
9834682
9834683
9834684
9834688
9834689
9834690
9834691
9834692
9834696
9834697
9834698
9834699
9990000
9990001
9990002
9990003
9990004
9990005
9990006
9990007
9990008
9990009
9990010
9990011
9990012
9990013
9990014
9990015
9990016
9990017
9990018
9990019
9990020
9990021
9990022
9990023
9990024
9990025
9990026
9990062
9990063
9990064
9990065
9990066
9990067
9990068
9990069
9990070
9990071
9990072
9990073
9990074
9990075
9990076
9990077
9990078
9990079
9990080
9990081
9990082
9990083
9990085
9999996
9999997
9999998
9999999
