0002000
0002001
0002002
0002003
0002004
0002005
0002006
0002007
0002008
0002100
0002101
0002102
0002103
0010000
0010200
0010201
0010202
0010203
0010204
0010300
0010301
0010302
0010303
0010304
0010305
0010306
0010307
0010308
0010309
0010310
0011000
0011100
0012000
0012100
0012101
0020000
0020001
0020002
0020100
0021000
0022000
0022001
1001000
1001001
1001100
1002000
1002001
1002002
1002003
1002004
1002005
1002006
1002007
1002008
1002009
1002010
1002100
1002101
1002102
1002103
1002104
1002105
1010100
1011000
1011001
1011100
1011101
1012000
1012001
1012002
1012003
1012004
1012005
1012006
1012007
1012008
1012009
1012100
1012101
1012102
1012103
1012104
1012105
1012106
1012107
1012108
1012109
1012110
1012111
1012112
1012113
1012114
1012115
1012116
1012117
1012118
1012119
1012121
1012122
1012123
1012124
1012125
1012126
1012127
1012128
1012129
1012130
1012131
1012132
1012133
1012134
1013000
1013001
1013002
1013100
1013101
1013102
1013103
1013104
1013105
1013106
1013200
1013201
1013202
1013203
1013204
1013205
1013206
1013207
1013208
1013209
1013300
1013301
1013302
1013303
1013304
1013305
1013306
1013307
1013308
1013309
1013310
1013311
1013312
1013313
1013314
1013315
1013316
1013317
1013318
1013319
1013321
1013322
1013323
1013324
1013325
1013326
1013350
1013351
1013352
1013353
1013354
1013355
1013356
1013357
1013358
1013359
1013360
1013361
1013400
1013401
1013402
1013403
1013404
1013405
1013406
1013407
1013408
1013409
1013410
1013411
1013412
1013413
1013414
1013415
1013416
1013417
1013418
1013419
1013420
1013421
1013422
1013423
1013424
1013425
1013426
1013427
1013428
1013429
1013430
1013431
1013432
1013433
1013440
1013441
1013442
1013443
1013444
1013445
1013446
1013447
1013448
1013449
1013500
1013501
1013502
1013503
1013504
1013505
1013506
1013507
1013508
1013509
1013510
1013511
1013512
1013513
1013514
1013515
1013516
1013517
1013518
1013519
1013520
1013521
1013522
1013600
1013601
1013602
1013603
1013604
1013605
1013606
1013607
1013608
1013609
1013610
1013611
1013612
1013613
1013614
1013615
1013616
1013617
1013618
1013619
1020000
1021000
1021001
1021100
1022000
1022001
1022002
1022003
1022004
1022005
1022006
1022007
1022008
1022100
1022101
1022102
1022103
1022104
1022105
1022106
1022107
1022108
1022109
1022110
1022111
1022112
1022113
1022114
1022115
1022116
1022117
1031000
1031001
1031100
1032000
1032001
1032002
1032003
1032004
1032005
1032006
1032007
1032008
1032009
1032100
1032101
1032102
1032103
1032104
1032105
1032106
1032107
1032108
1032109
1032110
1032111
1032112
1032113
1032114
1032116
1032200
1032201
1032202
1032203
1032204
1032205
1032206
1032207
1032208
1032209
1032210
1032211
1032212
1032213
1032214
1032215
1032216
1032217
1032218
1032219
1032220
1033000
1033001
1033002
1033100
1033101
1033102
1033103
1033104
1033105
1033106
1033107
1033108
1033109
1033110
1033111
1033112
1033113
1033114
1033115
1033116
1033200
1033201
1033202
1033203
1033204
1033205
1033206
1033210
1033211
1033220
1033221
1033222
1033223
1033224
1033225
1033226
1033227
1033228
1033229
1033230
1033231
1033232
1033233
1033240
1040000
1040001
1040002
1040003
1040004
1043000
1043001
1043002
1043003
1043004
1043005
1051000
1051001
1051002
1052000
1052001
1052002
1052003
1052004
1052005
1052006
1052007
1052008
1052009
1052010
1052011
1052012
1052013
1052014
1052015
1052016
1052017
1052100
1052101
1052102
1052103
1052104
1052105
1052106
1052107
1052108
1052109
1052110
1052111
1052112
1052113
1052114
1052115
1052116
1052117
1052118
1052119
1052120
1052121
1052122
1052123
1052124
1052125
1052126
1052127
1052128
1052129
1052130
1052131
1052132
1052133
1052134
1052135
1052136
1052137
1052200
1052201
1052202
1052203
1052204
1052205
1052206
1052207
1052208
1052209
1052210
1052211
1052212
1052213
1052214
1052215
1052216
1052217
1052218
1052219
1052220
1052221
1052222
1052223
1052224
1052225
1052226
1052227
1052228
1052229
1052230
1052231
1052232
1052233
1052234
1052235
1052236
1052237
1052238
1052239
1052240
1052241
1052242
1052243
1052244
1052245
1052246
1052247
1052248
1052249
1052250
1052251
1052252
1052253
1052254
1052255
1055000
1055002
1056000
1057000
1057001
1057002
1057003
1057004
1057006
1058000
1058001
1058002
1058003
1061000
1061001
1061002
1061003
1061004
1061005
1061006
1061007
1061008
1061009
1061010
1061011
1061012
1061013
1061014
1061015
1061016
1061017
1061018
1061019
1061020
1061021
1061100
1063000
1063001
1063002
1063003
1063004
1063005
1063006
1063007
1063008
1063009
1063010
1063011
1063012
1063013
1063014
1063015
1063016
1063017
1063018
1064000
1064001
1064002
1064003
1064004
1064005
1064006
1064007
1064008
1064009
1064010
1064011
1064012
1064013
1064014
1064015
1064016
1064017
1064018
1064019
1064020
1064021
1064022
1064023
1064024
1064025
1064026
1064027
1064028
1064029
1064031
1064032
1072000
1072001
1072002
1072003
1072004
1072005
1072006
1072007
1072008
1072009
1081000
1081001
1081100
1081101
1081102
1082000
1082001
1082002
1082003
1082004
1082005
1082100
1082101
1082102
1082200
1082201
1082202
1082203
1082204
1082205
1082206
1082207
1082208
1082209
1082210
1090000
1091000
1091001
1091002
1091003
1091004
1092000
1092001
1092002
1092003
1092004
1092006
1092007
1092008
1092009
1092010
1092011
1092012
1092013
1092014
1092015
1092016
1092017
1092018
1092019
1092090
1092091
1092092
1092093
1092094
1092095
1092097
1093000
1094000
1094001
1094002
1094003
1094004
1094005
1094006
1095000
1095001
1095002
1095003
1096000
1096001
1096002
1096003
1096004
1096005
1096006
1096007
1096008
1096009
1096010
1096011
1096012
1096013
1097000
1097001
1100000
1100001
1100002
1100003
1100004
1100005
1100006
1100007
1100008
1101000
1101001
1101002
1101003
1101004
1101005
1101006
1101007
1101008
1102000
1102001
1102002
1102003
1102004
1102005
1102006
1102007
1102008
1102009
1102100
1102101
1102102
1102103
1102104
1102105
1102106
1102107
1102108
1102109
1102110
1102111
1102112
1102113
1102114
1102115
1102200
1102201
1102202
1102203
1102204
1102205
1102206
1103000
1103001
1103002
1103003
1103004
1103005
1103006
1104000
1104001
1104002
1104100
1104101
1104102
1104103
1104104
1104200
1104201
1104202
1104203
1104204
1104205
1104206
1104207
1104208
1104209
1104300
1104301
1104302
1104303
1104304
1104305
1104306
1104307
1104308
1104309
1104310
1104311
1104312
1104313
1104314
1104315
1105000
1105001
1105002
1105003
1105004
1105005
1105006
1105007
1105008
1105009
1105010
1105011
1105012
1105013
1105014
1105015
1106000
1106001
1106002
1106003
1106004
1106005
1106006
1106007
1106008
1106009
1200000
1200001
1200002
1200003
1200004
1200005
1200006
1201000
1201001
1201002
1202000
1202001
1202002
1202003
1202004
1202005
1202006
1202007
1202008
1202009
1202010
1203000
1203001
1204000
1204001
1204002
1204003
1204004
1204005
1204006
1204007
1204010
1204020
1204030
1204031
1204032
1204033
1205000
1209000
1209001
1209002
1209003
1209004
1209005
1209006
1209007
1300000
1300001
1300002
1300003
1300004
1300005
1300006
1300007
1300008
1300009
1300010
1300011
1300012
1300013
1300014
1301000
1302000
1302001
1302002
1302003
1302004
1302005
1302007
1302008
1302009
1302010
1302011
1302012
1302013
1302014
1302015
1302016
1302017
1302018
1302019
1302020
1302021
1302022
1302023
1302024
1302025
1302026
1302027
1302100
1302101
1302102
1302103
1302104
1302105
1302106
1302107
1302108
1302109
1302110
1302111
1302112
1302113
1302114
1302115
1302116
1302117
1302118
1302119
1400000
1400001
1400002
1400003
1401000
1401001
1401002
1401003
1401004
1401005
1402000
1402001
1402100
1402101
1402102
1402103
1402104
1402105
1402106
1402200
1402201
1402202
1402203
1402300
1402301
1402400
1402401
1403000
1403001
1403002
1403003
1403004
1404000
1404001
1404002
1404003
1404004
1404005
1404006
1404007
1404008
1404009
1404010
1404011
1404012
1404013
1404014
1404015
1500000
1500001
1500002
1500003
1500004
1500005
1500006
1500007
1500008
1500009
1500010
1500011
1500012
1500013
1500014
1500015
1500016
1500017
1500018
1500019
1500020
1500021
1500022
1500023
1500024
1500025
1500026
1500027
1500028
1500029
1500030
1500031
1500032
1501000
1501001
1501002
1501003
1501004
1501005
1501006
1501007
1501008
1501009
1501010
1501011
1501012
1501013
1501014
1501015
1501016
1510000
1510001
1510002
1510003
1510004
1510005
1510006
1510007
1510008
1510009
1511000
1511001
1512000
1512001
1512002
1512003
1512004
1512005
1513000
1513001
1513002
1513003
1513004
1514000
1514001
1514002
1514003
1514004
1514005
1514006
1514007
1514008
1514009
1520000
1520001
1520002
1520003
1520004
1520005
1520006
1520007
1520008
1520009
1520010
1520011
1520012
1520013
1520014
1520015
1520016
1520017
1520018
1520019
1520020
1520021
1520022
1520023
1520024
1520025
1520026
1520027
1520028
1520029
1520030
1520031
1520032
1520033
1520034
1520035
1520036
1520037
1520038
1520039
1520040
1520041
1520042
1520043
1520044
1520045
1520046
1520047
1520048
1520049
1520050
1520051
1520052
1520053
1520054
1520055
1520056
1520057
1520058
1520059
1520060
1520061
1520062
1520063
1520064
1520065
1520066
1520067
1520068
1520069
1520070
1530000
1530001
1530010
1530011
1530012
1530013
1530014
1530015
1530016
1530020
1530021
1530022
1530024
1530025
1530026
1530027
1530028
1530029
1530030
1530031
1530032
1530033
1530034
1530035
1530036
1530037
1530038
1530039
1530040
1530041
1530042
1530050
1530051
1530052
1530053
1530054
1530055
1530056
1530057
1530058
1530059
1530060
1530061
1530062
1530063
1530064
1530065
1530070
1530071
1530072
1530073
1530074
1530075
1530076
1530077
1530080
1530081
1530082
1530083
1530090
1530091
1530092
1530100
1530101
1530102
1530103
1530104
1530105
1530106
1530107
1530110
1530111
1530112
1530113
1530114
1530115
1530116
1530120
1530121
1530122
1530123
1530124
1530125
1530130
1530131
1530132
1530133
1530134
1530135
1530136
1530137
1530140
1530141
1530142
1530143
1530144
1530145
1530146
1530147
1530148
1530150
1530151
1530152
1530153
1530160
1530161
1530170
1530171
1530180
1530181
1530182
1530183
1530184
1530190
1530191
1530192
1530193
1530200
1530201
1530202
1530203
1530210
1530211
1530212
1530220
1530221
1530230
1530231
1530232
1530240
1530241
1530242
1530250
1530251
1530256
1530257
1530258
1530259
1530260
1530261
1530262
1530263
1530270
1530271
1530272
1530273
1530274
1530275
1530280
1530281
1530282
1530283
1530284
1530290
1530300
1530301
1530302
1530303
1530304
1530305
1530306
1530307
1530308
1530309
1530310
1530311
1530312
1530320
1530330
1530340
1530350
1530351
1530360
1530361
1530370
1530371
1530372
1530380
1530390
1530391
1530400
1530401
1530402
1530403
1530410
1530411
1530412
1530420
1530421
1530422
1530423
1530424
1530425
1530426
1530427
1530428
1530429
1530430
1530431
1530500
1530501
1530502
1530503
1530504
1530505
1530506
1530507
1530508
1530509
1530510
1530511
1530512
1530513
1530520
1530524
1530530
1530531
1530532
1530533
1530534
1530535
1530540
1530541
1530542
1530543
1530544
1530545
1530546
1530547
1530548
1530549
1530550
1530551
1530552
1530553
1530554
1530555
1530556
1530557
1530558
1530559
1530560
1530561
1530562
1530563
1530564
1530570
1530571
1530572
1530573
1530574
1530575
1530600
1530601
1530603
1530604
1530605
1530606
1530607
1530608
1530609
1530610
1530611
1530612
1530613
1530614
1530615
1530616
1530617
1530618
1530619
1530620
1530621
1530622
1530623
1530624
1530625
1530626
1530627
1530628
1530629
1530630
1530631
1530632
1530633
1530634
1530635
1530636
1530637
1530638
1530639
1530640
1530641
1530642
1530643
1530644
1530645
1530646
1530647
1530648
1530649
1530650
1530651
1530652
1530653
1530654
1530655
1530656
1530657
1530658
1530659
1530660
1530661
1530662
1530663
1530664
1530665
1530666
1530667
1530668
1530700
1530701
1530702
1530703
1530704
1530705
1530706
1530707
1530708
1530709
1530710
1530711
1530712
1530713
1530714
1530715
1530716
1530717
1530718
1530719
1530720
1530721
1530722
1530723
1530724
1530725
1530726
1530727
1530728
1530729
1530730
1530731
1530732
1530733
1531000
1531001
1531002
1531003
1531004
1531005
1531006
1531007
1531008
1531009
1531010
1531011
1531012
1531013
1531014
1531015
1531016
1531017
1531018
1531019
1531020
1531021
1531022
1531023
1531024
1531025
1531026
1531027
1531028
1531029
1531030
1531031
1531032
1531033
1531034
1531035
1531036
1531037
1531038
1531039
1531040
1531041
1531042
1531043
1531044
1531045
1531046
1531047
1531048
1531049
1531050
1531051
1531052
1531053
1531054
1531055
1531056
1531057
1531058
1531059
1531060
1531061
1531062
1531063
1531064
1531065
1531066
1531067
1531068
1531069
1531070
1540000
1540005
1540006
1540007
1540008
1540010
1540011
1540012
1540013
1540050
1540051
1540052
1540053
1540054
1540055
1540056
1540057
1540058
1540059
1540100
1540101
1540102
1540103
1540104
1540105
1540106
1540107
1540108
1540109
1540110
1540111
1540112
1540113
1540200
1540201
1540202
1540203
1540204
1540205
1540206
1540207
1540208
1540210
1540211
1540212
1540213
1540214
1540215
1540300
1540301
1540302
1540303
1540304
1540305
1540306
1540307
1540308
1540309
1540310
1540311
1540312
1540313
1540314
1540315
1540316
1540317
1540318
1540319
1540320
1540321
1540322
1540323
1540324
1540325
1540326
1540327
1540328
1540329
1540400
1540401
1540402
1540403
1540404
1540405
1540406
1540407
1540408
1540409
1540410
1540411
1540412
1540413
1540414
1540415
1540416
1540417
1540418
1540419
1540420
1540421
1540422
1540423
1540424
1540425
1540426
1540427
1540428
1540429
1540430
1540431
1540432
1540433
1540434
1540435
1540436
1540437
1540438
1540439
1540440
1540441
1540442
1540443
1540444
1540445
1540446
1540447
1540448
1540450
1540451
1540452
1540453
1540454
1540455
1540456
1540457
1540458
1540459
1540460
1540461
1540462
1540463
1540464
1540465
1540466
1540467
1540468
1540469
1540470
1540471
1540472
1540473
1540474
1540475
1540476
1540477
1540478
1540479
1540480
1540481
1540482
1540483
1540484
1540485
1540486
1540487
1540488
1540489
1540490
1540491
1540492
1540493
1540494
1540495
1540496
1540497
1540498
1540499
1540500
1540501
1540502
1540503
1540504
1540505
1540506
1540507
1540508
1540509
1540510
1540511
1540512
1540513
1540514
1540515
1540516
1540517
1540518
1540519
1540520
1540521
1540522
1540523
1540524
1540525
1540526
1540527
1540528
1540529
1540530
1540531
1540532
1540533
1540534
1540535
1540536
1540537
1540538
1540539
1540540
1540541
1540542
1540543
1540544
1540545
1540546
1540550
1540551
1540552
1540553
1540554
1540555
1540556
1540557
1540558
1540559
1540600
1540601
1540602
1540603
1540604
1540605
1540606
1540607
1540608
1540610
1540611
1540612
1540613
1540614
1540615
1540616
1540617
1540618
1540619
1540620
1540621
1540622
1540623
1540624
1540625
1540626
1540627
1540628
1540629
1540630
1540631
1540632
1540633
1540634
1540635
1540636
1540637
1540638
1540639
1540640
1540641
1540642
1540643
1540644
1540645
1540646
1540650
1540651
1540652
1540653
1540654
1540655
1540656
1540657
1540658
1540659
1540660
1540661
1540662
1540663
1540664
1540665
1540666
1540667
1540668
1540669
1540670
1540671
1540672
1540673
1540674
1540675
1540676
1540677
1540678
1540679
1540680
1540681
1540682
1540683
1540684
1540685
1540686
1540687
1540688
1540689
1540690
1540700
1540701
1540702
1540703
1540704
1540705
1540706
1540707
1540708
1540709
1540710
1540711
1540712
1540713
1540714
1540715
1540716
1540717
1540718
1540719
1540720
1540721
1540722
1540723
1540724
1540725
1540726
1540727
1540728
1540729
1540730
1540731
1540732
1540733
1540734
1540735
1540736
1540737
1540738
1540739
1540740
1540741
1540742
1540743
1540744
1540745
1540746
1540747
1540748
1540749
1540751
1540752
1540753
1540754
1540755
1540756
1540757
1540758
1540759
1540760
1540761
1540762
1540763
1540764
1540765
1540766
1540767
1540768
1540769
1540770
1540780
1540782
1540783
1540784
1540786
1540788
1540789
1540790
1540791
1540792
1540793
1540794
1540795
1540796
1540797
1540798
1540799
1540800
1540801
1540802
1540803
1540804
1540805
1540806
1540807
1540808
1540809
1540810
1540811
1540812
1540813
1540814
1540815
1540816
1540817
1540818
1540819
1540820
1540821
1540822
1540823
1540824
1540825
1540826
1540827
1540828
1540829
1540830
1540831
1540832
1540833
1540834
1540835
1540836
1540837
1540838
1540839
1540840
1540841
1540842
1540843
1540844
1540845
1540846
1540847
1540848
1540849
1540850
1540851
1540852
1540853
1540854
1540855
1540856
1540857
1540858
1540859
1540860
1540861
1540862
1540863
1540864
1540865
1540866
1540867
1540868
1540869
1540870
1540871
1540872
1540873
1540874
1540875
1540876
1540877
1540878
1540879
1540880
1540881
1540882
1540883
1540884
1540885
1540886
1540887
1540888
1540889
1540890
1540891
1540892
1540893
1540894
1540895
1540896
1540897
1540898
1540899
1540900
1540901
1540902
1540903
1540904
1540905
1540906
1540907
1540908
1540909
1540910
1540911
1540912
1540913
1540914
1540917
1540918
1540919
1540920
1540921
1540922
1540923
1540924
1540925
1540926
1540927
1540928
1540929
1540930
1540931
1540932
1540933
1540934
1540935
1540936
1540940
1540941
1540942
1540943
1540944
1540945
1541000
1541001
1541002
1541003
1541004
1541005
1541006
1541007
1541008
1541009
1541010
1541011
1541012
1541013
1541014
1541015
1541016
1541017
1541018
1541019
1541020
1541021
1541022
1541023
1541024
1541025
1541026
1541027
1541028
1541029
1541030
1541031
1541032
1541033
1541034
1541035
1541036
1541037
1541038
1541039
1541040
1541041
1541042
1541043
1541044
1541045
1541046
1541047
1541048
1541049
1541050
1541051
1541052
1541053
1541054
1541055
1541056
1541057
1541058
1541059
1541060
1541061
1541062
1541063
1541064
1541065
1541066
1541067
1541068
1541069
1541070
1541071
1541072
1541073
1541074
1541075
1541076
1541077
1541078
1541079
1541080
1541081
1541082
1541083
1541084
1541085
1541086
1541087
1541088
1541089
1541100
1541101
1541102
1541103
1541104
1541105
1541106
1541107
1541108
1541109
1541110
1541119
1541120
1541121
1541122
1541123
1541124
1541125
1541126
1541127
1541130
1541131
1541132
1541133
1541134
1541135
1541136
1541137
1541138
1541140
1541141
1541142
1541143
1541144
1541145
1541146
1541147
1541148
1541149
1541150
1541151
1541152
1541153
1541154
1541155
1541156
1541157
1541158
1541159
1541160
1541161
1541162
1541163
1541164
1541165
1541166
1541167
1541168
1541169
1541170
1541171
1541172
1541173
1541174
1541175
1541176
1541177
1541178
1541179
1541180
1541181
1541182
1541183
1541184
1541200
1541201
1541202
1541203
1541204
1541205
1541206
1541207
1541208
1541209
1541210
1541211
1541212
1541213
1541214
1541215
1541216
1541217
1541218
1541219
1541220
1541221
1541222
1541223
1541224
1541225
1541226
1541227
1541228
1541229
1541230
1541231
1541232
1541233
1541234
1541235
1541236
1541237
1541238
1541239
1541240
1541241
1541242
1541243
1541244
1541245
1541246
1541247
1541248
1541249
1541250
1541251
1541252
1541253
1541254
1541255
1541256
1541257
1541258
1541259
1541260
1541261
1541262
1541263
1541264
1541265
1541266
1541267
1541268
1541269
1541270
1541271
1541272
1541273
1541274
1541275
1541276
1541277
1541278
1541279
1541280
1541281
1541282
1541283
1541284
1541285
1541286
1541287
1541300
1541301
1541302
1541303
1541304
1541305
1541306
1541307
1541308
1541309
1541310
1541311
1541312
1541313
1541314
1541315
1541316
1541317
1541318
1541319
1541321
1541322
1541323
1541324
1541325
1541326
1541330
1541331
1541333
1541335
1541336
1541337
1541338
1541339
1541340
1541341
1541342
1541343
1541344
1541345
1541346
1541347
1541348
1541349
1541400
1541401
1541402
1541403
1541404
1541405
1541406
1541407
1541408
1541409
1541410
1541411
1541412
1541413
1541414
1541415
1541416
1541417
1541418
1541419
1541420
1541421
1541422
1541423
1541424
1541450
1541451
1541452
1541453
1541454
1541455
2001000
2001001
2001002
2001003
2001004
2001005
2001006
2001007
2001008
2002000
2002001
2002002
2010000
2010001
2010002
2010003
2010004
2010005
2010006
2010007
2010008
2010009
2010010
2010011
2012000
2012001
2012002
2012003
2012004
2012005
2012006
2012007
2012008
2012009
2012010
2012011
2012012
2012013
2012014
2012015
2012016
2012017
2012018
2012019
2012020
2012021
2012022
2012023
2012024
2012025
2012026
2012027
2012028
2012029
2012030
2012031
2012032
2012033
2012034
2012036
2012037
2012038
2012039
2012040
2012041
2012042
2013000
2013001
2013002
2020000
2020001
2020002
2020003
2020004
2020005
2020006
2020007
2020008
2020009
2020010
2020011
2020012
2020013
2020015
2020016
2022000
2022001
2022002
2022003
2022004
2022005
2022006
2022007
2022008
2022009
2023000
2030000
2030001
2030002
2030003
2030004
2030005
2030006
2030007
2030008
2030009
2030010
2030011
2030012
2030013
2030014
2030015
2032000
2032001
2032002
2032003
2032004
2040000
2040001
2040002
2040003
2040004
2040005
2040006
2040007
2040008
2040009
2040010
2040011
2040012
2040013
2040014
2040015
2040016
2040017
2040018
2040019
2040020
2040021
2040022
2040023
2040024
2040025
2040026
2040027
2040028
2040029
2040030
2040031
2040032
2040033
2040034
2040035
2040036
2040037
2040038
2040039
2040040
2040041
2040042
2040043
2040044
2040045
2040046
2040047
2040048
2040049
2040050
2040051
2040052
2041000
2041001
2041002
2041003
2041004
2041005
2041006
2041007
2041008
2041009
2041010
2041011
2041012
2041013
2041014
2041015
2041016
2041017
2041018
2041019
2041020
2041021
2041022
2041023
2041024
2041025
2041026
2041027
2041028
2041029
2042000
2042001
2042002
2042003
2042004
2042005
2042006
2042007
2042008
2042009
2042010
2043000
2050000
2050001
2050002
2050003
2050004
2050005
2050006
2050007
2050008
2050009
2050010
2050011
2050012
2050013
2050014
2050015
2050016
2050017
2050018
2050019
2050020
2051000
2051001
2052000
2052001
2052002
2052003
2052004
2052005
2052006
2052007
2052008
2052009
2052010
2052011
2052012
2052013
2052014
2052015
2052016
2052017
2052018
2052019
2052020
2052021
2052022
2052023
2052025
2052026
2052027
2052028
2052029
2052030
2052031
2052032
2052033
2052034
2052035
2052036
2052037
2052038
2052039
2052040
2052041
2052042
2052043
2052044
2052045
2052046
2052047
2052050
2052051
2052052
2052053
2052054
2052055
2060000
2060001
2060002
2060003
2060004
2060005
2060006
2060007
2060008
2060009
2060010
2060100
2060101
2060102
2060103
2070000
2070001
2070002
2070003
2071000
2071001
2071002
2071003
2071004
2071005
2071006
2071007
2071008
2071009
2071010
2071011
2071012
2071013
2071014
2071015
2072000
2072001
2073000
2074000
2074001
2074002
2074003
2074004
2074005
2074006
2074007
2074008
2074009
2074010
2074011
2074012
2074013
2074014
2074015
2074016
2074018
2074019
2074020
2074021
2074022
2074023
2074024
2074025
2074026
2074027
2074028
2074029
2074030
2074031
2074032
2074033
2074034
2074035
2074036
2074037
2074038
2074039
2074040
2074041
2074042
2074043
2074044
2074045
2074046
2074047
2074100
2074101
2074102
2074103
2074104
2074105
2074106
2074107
2074108
2074109
2074110
2074111
2074112
2074113
2074114
2074115
2074116
2074117
2074118
2074119
2074120
2074121
2074122
2074123
2074124
2074125
2074126
2074127
2074128
2074129
2074130
2074131
2074132
2074133
2074134
2074135
2074136
2074137
2074138
2074139
2074140
2074141
2074142
2074143
2074144
2074145
2074146
2074147
2074148
2074149
2074150
2074151
2074152
2074153
2074154
2074155
2074156
2074157
2074158
2074159
2075000
2075001
2075002
2075003
2075004
2075005
2075006
2079000
2079001
2079003
2079100
2080000
2080001
2080002
2080003
2080004
2080005
2080006
2080007
2080008
2080009
2081000
2081001
2081002
2081003
2081004
2081005
2081006
2081007
2081008
2081009
2081010
2081011
2081012
2081013
2081014
2081100
2081200
2081300
2081400
2081500
2082000
2082001
2082002
2082003
2082004
2082005
2082006
2082007
2082008
2082009
2082010
2082011
2082012
2082013
2082014
2082015
2082016
2082017
2083000
2083001
2083002
2083003
2083004
2083005
2083006
2083007
2084000
2084001
2084002
2084003
2084004
2084005
2084006
2084007
2085000
2085001
2085002
2085003
2090000
2090001
2090002
2090003
2090004
2090005
2090006
2090100
2090101
2090102
2090103
2090104
2091000
2091001
2091002
2091003
2091004
2091005
2091006
2091007
2091008
2091009
2091010
2091011
2091012
2091013
2091100
2091101
2091102
2091103
2091104
2091105
2091106
2091107
2091108
2091109
2091110
2091111
2091112
2091113
2091114
2091115
2091116
2091117
2091118
2091119
2091120
2091121
2091122
2091123
2091124
2091125
2091126
2091127
2091128
2091129
2091130
2091131
2091132
2091133
2091134
2091135
2091136
2091137
2091138
2091139
2091140
2091141
2091142
2091143
2092000
2092001
2092100
2092101
2093000
2093001
2093002
2093003
2093004
2094000
2094001
2094002
2094003
2094004
2094005
2095000
2096000
2100000
2100001
2100002
2100003
2100004
2100005
2100006
2100007
2100008
2100009
2101000
2101001
2101002
2101003
2101004
2101005
2101006
2101007
2101008
2101009
2101010
2101011
2101012
2101013
2101014
2101015
2101016
2101017
2101018
2101019
2101020
2102000
2102001
2102002
2103000
2103001
2103002
2103003
2103004
2103005
2103006
2103007
2103008
2103009
2103010
2103011
2103012
2103013
2103014
2103015
2103016
2103017
2103018
2103019
2103020
2103021
2103022
2103023
2103024
2103025
2103026
2103027
2103028
2103029
2103030
2110000
2110001
2110002
2110003
2110004
2110005
2111000
2111001
2111002
2111003
2111004
2111005
2111006
2111007
2111008
2111009
2111010
2111011
2111012
2111013
2111014
2111015
2111016
2111017
2111018
2111019
2111020
2111021
2111022
2111023
2111024
2111025
2111026
2111027
2112000
2112001
2112002
2112003
2112004
2112005
2112006
2112007
2112008
2112009
2112010
2112011
2112012
2112013
2112014
2112015
2112016
2112017
2112018
2120000
2120001
2120002
2120003
2120004
2120005
2120006
2120007
2120008
2120009
2120010
2120011
2120012
2120013
2120014
2120015
2120016
2120017
2120018
2120019
2120020
2120021
2120022
2120023
2120024
2120025
2120026
2120027
2120028
2120029
2120030
2120031
2120032
2120033
2120034
2121000
2121001
2121002
2121003
2121004
2121005
2121006
2121007
2121008
2121009
2121010
2121011
2121012
2121013
2121014
2121015
2121016
2121017
2121018
2121019
2121020
2121021
2121022
2121023
2121024
2121025
2130000
2131000
2131001
2131002
2131003
2131004
2131005
2131006
2131007
2131008
2131009
2131010
2131011
2131012
2131013
2131014
2131015
2131016
2132000
2132001
2132002
2132003
2133000
2133001
2133002
2133003
2133004
2133005
2133006
2133007
2133008
2134000
2134001
2134002
2134003
2134004
2134005
2134006
2134007
2134008
2134009
2134010
2134011
2134012
2135000
2135001
2135002
2135003
2135004
2135005
2135006
2135007
2135008
2135009
2135010
2135011
2135012
2135013
2135014
2135015
2135016
2135017
2140000
2140001
2140002
2140003
2140004
2140005
2140006
2140007
2140008
2140009
2141000
2141001
2141002
2141003
2141004
2141005
2141006
2141007
2141008
2141900
2142000
2142001
2142002
2142003
2142004
2142005
2142006
2142007
2142008
2142009
2142010
2142011
2142012
2142100
2142101
2142102
2142103
2142104
2142105
2142106
2142107
2142108
2142109
2142110
2142111
2142112
2142113
2142900
2142901
2142902
2142903
2142904
2142910
2142911
2142912
2142920
2142921
2142922
2142923
2142930
2142931
2142932
2142933
2142934
2142935
2142936
2142937
2142938
2143000
2143001
2143002
2143003
2143004
2143100
2143101
2143102
2143103
2143104
2143105
2143106
2143107
2143108
2144000
2144001
2144002
2144003
2144004
2144005
2144006
2144007
2144008
2144009
2144010
2144011
2144012
2144013
2144014
2144015
2144016
2144017
2144018
2144019
2144020
2144021
2150000
2150001
2150002
2150003
2150004
2150005
2150006
2150007
2150008
2150009
2150010
2151000
2151001
2151002
2151003
2151004
2151005
2151006
2151007
2151008
2151009
2151010
2152000
2152001
2152002
2152003
2152004
2152005
2152006
2152007
2152008
2152009
2152010
2152011
2152012
2152013
2152014
2152015
2152016
2152017
2152018
2152019
2152020
2153000
2153001
2153002
2153003
2153004
2153005
2153006
2153007
2154000
2154001
2154002
2154003
2154004
2154005
2154006
2154007
2154008
2154009
2154010
2154011
2154012
2154013
2154014
2154015
2154016
2155000
2155001
2155002
2155003
2155004
2155005
2155006
2155007
2155008
2155009
2155010
2155011
2155012
2155013
2155014
2155100
2155101
2155102
2155103
2155104
2155105
2155106
2155107
2155108
2155109
2155110
2155111
2155112
2155113
2155114
2155115
2155116
2155117
2155118
2155119
2155120
2155121
2155122
2155123
2155124
2155125
2155126
2155127
2155128
2155129
2155130
2159000
2159001
2159002
2159003
2159004
2159005
2159006
2159007
2159008
2159009
2159010
2159011
2159012
2159013
2159014
2159015
2159016
2159017
2159018
2159019
2159020
2159021
2159100
2159110
2159111
2159112
2159200
2159201
2159202
2159300
2159301
2159302
2159303
2159304
2159305
2159306
2159307
2159308
2159309
2159310
2159311
2159312
2159313
2159314
2159315
2159316
2159317
2159318
2159319
2159320
2159321
2159322
2159323
2159324
2159325
2159326
2159327
2159328
2159329
2159330
2159331
2159332
2159333
2159334
2159335
2159336
2159337
2159338
2159339
2159340
2159341
2159342
2159343
2159344
2159345
2159346
2159347
2159348
2159349
2159350
2159351
2159352
2159353
2159354
2159355
2159356
2159357
2159358
2159359
2159360
2159361
2159362
2159363
2159364
2159365
2159366
2159367
2159368
2159369
2159370
2159371
2159372
2159373
2159374
2159375
2159376
2159377
2159378
2159379
2159380
2159381
2159382
2159383
2159384
2159385
2159386
2159387
2159388
2159389
2159390
2159391
2159392
2159393
2159394
2159395
2159396
2159397
2159398
2159399
2159400
2159401
2159402
2159403
2159404
2159405
2159406
2159407
2159408
2159409
2159410
2159411
2159412
2159413
2159414
2159415
2159416
2159417
2159418
2159419
2159420
2159421
2159422
2159423
2159424
2159425
2159426
2159427
2159428
2159429
2159430
2159431
2159432
2159433
2159434
2159435
2159436
2159437
2159438
2159439
2159440
2159441
2159442
2159443
2159444
2159445
2159446
2159447
2159448
2159449
2159450
2159451
2159452
2159453
2159454
2159455
2159456
2159457
2159458
2159459
2159460
2159461
2159462
2159463
2159464
2159465
2159466
2159467
2159468
2159469
2159470
2159471
2159472
2159473
2159474
2159475
2159476
2159477
2159478
2159479
2159480
2159481
2159482
2159483
2159484
2159485
2159486
2159487
2159488
2159489
2159490
2159491
2159492
2159493
2159494
2159495
2159496
2159497
2159498
2159499
2159500
2159501
2159502
2159503
2159504
2159505
2159560
2159561
2159562
2159563
2159564
2159565
2159566
2159567
2159568
2159569
2159570
2159571
2159572
2159573
2159574
2159575
2159576
2159577
2159578
2159579
2159580
2159581
2159582
2159583
2159584
2159585
2159586
2159587
2159588
2159589
2159590
2159591
2159592
2159593
2159594
2159595
2159596
2159597
2159598
2159599
2159600
2159601
2159602
2159603
2159604
2159605
2159606
2159607
2159608
2159609
2159610
2159611
2159612
2160000
2160001
2161000
2161001
2161002
2161003
2161004
2161005
2161006
2161007
2161008
2161009
2161010
2161011
2161012
2161013
2161014
2161015
2161016
2161017
2161018
2161019
2161020
2161021
2161022
2161023
2161024
2161025
2161026
2161027
2162000
2170000
2170001
2170002
2170003
2170004
2170005
2170006
2170007
2170016
2170017
2180000
2180001
2181000
2181001
2182000
2182001
2182002
2182003
2183000
2183001
2183002
2183003
2183004
2183005
2183006
2184000
2184001
2184003
2184004
2184005
2184006
2184007
2184008
2184009
2184010
2184011
2184012
2184013
2184014
2184015
2184016
2184017
2184018
2184019
2184020
2184021
2184022
2184023
2184024
2184025
2184026
2184027
2190000
2190001
2190002
2191000
2191001
2191002
2191003
2191004
2191005
2191006
2191007
2191008
2191009
2191010
2191011
2191012
2191013
2191014
2191015
2191016
2191017
2191018
2191019
2191020
2191021
2192000
2192001
2192002
2192003
2192004
2192005
2192006
2192007
2192008
2192009
2192010
2192011
2192012
2192013
2192014
2192015
2192016
2192017
2192018
2192019
2192020
2192021
2192022
2192023
2192024
2192025
2192026
2192027
2192028
2192029
2192030
2192031
2192032
2200000
2200001
2200002
2200003
2200004
2200005
2200006
2200007
2200008
2200009
2200010
2200011
2200012
2201000
2201001
2201002
2210000
2210001
2210002
2210003
2210004
2210005
2210006
2210007
2210008
2210009
2210010
2210011
2210012
2210013
2210014
2210015
2210016
2210017
2210018
2210019
2210020
2210021
2210022
2211000
2211001
2220000
2220001
2220002
2220003
2220004
2220005
2220006
2220007
2230000
2230001
2230002
2230003
2230004
2230005
2230006
2230007
2230008
2230009
2230010
2230011
2230012
2230013
2230100
2230101
2230200
2230201
2230202
2230203
2230204
2230205
2230206
2230207
2230208
2230209
2230210
2230211
2230212
2231000
2231001
2231002
2231003
2231004
2231005
2231006
2231007
2231008
2231009
2231010
2231011
2231012
2231013
2231100
2231101
2231200
2231201
2232000
2232001
2232002
2232003
2232004
2232005
2232006
2232007
2232008
2232009
2232010
2232011
2232012
2232013
2232014
2232015
2232016
2232017
2232018
2232100
2232101
2232200
2232201
2232202
2232203
2232204
2232205
2232206
2232207
2232208
2232209
2232210
2232211
2300000
2300001
2300002
2300003
2300004
2300005
2300006
2300007
2300008
2301000
2301001
2400000
2400001
2400002
2400003
2400004
2400005
2400006
2400007
2400008
2400009
2400010
2400011
2400012
2400013
2400014
2400015
2400016
2400017
2400018
2400019
2400020
2400021
2400022
2400023
2400024
2400025
2400026
2400027
2400999
2410000
2410001
2410002
2410003
2410004
2410005
2410006
2410007
2410008
2410009
2410010
2410011
2410012
2410013
2410014
2411000
2411001
2411002
2411003
2411004
2411005
2411006
2411007
2411008
2411009
2411010
2411011
2411012
2411013
2411014
2411015
2411016
2411017
2411018
2411019
2411020
2411021
2411022
2411023
2411024
2411025
2411026
2411027
2411028
2420000
2420001
2420002
2420003
2420004
2420005
2420006
2420007
2420008
2420009
2420010
2420011
2420012
2420013
2420014
2420015
2420016
2420017
2420018
2420019
2420020
2420021
2420022
2420023
2420024
2420025
2420026
2420027
2420028
2420029
2420030
2420031
2420032
2420033
2420034
2420035
2420036
2420037
2420038
2420039
2420040
2420041
2430000
2430001
2430002
2430003
2430004
2430005
2430006
2430007
2430008
2430009
2430010
2430011
2430012
2430013
2430014
2430015
2430016
2430017
2430018
2430019
2430020
2430021
2430022
2430023
2430024
2430025
2440000
2440001
2440002
2440003
2440004
2440005
2440006
2440007
2440008
2440009
2440010
2440011
2440012
2440013
2440014
2440015
2440016
2440017
2440018
2440019
2440020
2440021
2440022
2450000
2450001
2450002
2450003
2450004
2450005
2450006
2450007
2450008
2450009
2450010
2450011
2450012
2450013
2450014
2450015
2450016
2450017
2450018
2450019
2450020
2450021
2450022
2450023
2450024
2450025
2450026
2450027
2450028
2450029
2450030
2450031
2450032
2450033
2450034
2450035
2450036
2450037
2450038
2450039
2450040
2460000
2460001
2460002
2460003
2460004
2460005
2460006
2460007
2460008
2460009
2460010
2460011
2460012
2460013
2460014
2460015
2460016
2460017
2460018
2460019
2460020
2460021
2460022
2460023
2460024
2460025
2460026
2460027
2470000
2470001
2470002
2470003
2470004
2470005
2470006
2470007
2470008
2470009
2470010
2470011
2470012
2470013
2470014
2470015
2470016
2470017
2470018
2470019
2470020
2470021
2470022
2470023
2470024
2470025
2470026
2470027
2470028
2470029
2470030
2470031
2470032
2470033
2470034
2470035
2470036
2470037
2470038
2470039
2470040
2470041
2470042
2470043
2470044
2470045
2470046
2480000
2480001
2480002
2480003
2480004
2480005
2480006
2480007
2480008
2480009
2480010
2480011
2480012
2480013
2480014
2480015
2480016
2490000
2490001
2490002
2490003
2491000
2491001
2491002
2491003
2491004
2491005
2491006
2491007
2491008
2491009
2491010
2500000
2500001
2500002
2500003
2500004
2500005
2500006
2500007
2500008
2500009
2500010
2500011
2500012
2500013
2500014
2500015
2500016
2500017
2500018
2500019
2500020
2500021
2500022
2500023
2500024
2500025
2500026
2510000
2510001
2510002
2510003
2510004
2510005
2510006
2510007
2510008
2510009
2510010
2510011
2510012
2510013
2510014
2510015
2510016
2510017
2510018
2510019
2510020
2510021
2510022
2510023
2510024
2510025
2510026
2510027
2510028
2510029
2510030
2510031
2510032
2510033
2510034
2510035
2510036
2510037
2510038
2520000
2520001
2520002
2520003
2520004
2520005
2520006
2520007
2520008
2520009
2520010
2520011
2520012
2520013
2520014
2520015
2520016
2520017
2520018
2520019
2520020
2520021
2520022
2520023
2520024
2520025
2521000
2521001
2530000
2530001
2530002
2530003
2530004
2530005
2530006
2530007
2530008
2530009
2530010
2530011
2530012
2530013
2530014
2530015
2530016
2531000
2531001
2531002
2531003
2531004
2531005
2531006
2540000
2540001
2540002
2540003
2540004
2540005
2540006
2540007
2540008
2540009
2540010
2540011
2540012
2540013
2540014
2540017
2540019
2540020
2550000
2550001
2550002
2550003
2550004
2550005
2550006
2550007
2550008
2550009
2550010
2550011
2550012
2550013
2550014
2550015
2550016
2550017
2550018
2550019
2550100
2550101
2550102
2550103
2550104
2550105
2550106
2550107
2550108
2550109
2550110
2550111
2550112
2550113
2550114
2550115
2560000
2560001
2560002
2560003
2560004
2560005
2560006
2560007
2560008
2560009
2560010
2560011
2560012
2560100
2560101
2560102
2560103
2560104
2560105
2560106
2560107
2560108
2560109
2560110
2560111
2560112
2560113
2560114
2560115
2560116
2560117
2560118
2560119
2560120
2560121
2570001
2570002
2570003
2570004
2570005
2570006
2570007
2570100
2570101
2570102
2570103
2570104
2570105
2570106
2570107
2570108
2570109
2570110
2570111
2570112
2570113
2570114
2570115
2570116
2570120
2570121
2570122
2570123
2570124
2570125
2570130
2570131
2570132
2570133
2570134
2570135
2580000
2580001
2580002
2580003
2580004
2580005
2580006
2580007
2580008
2580009
2580010
2580011
2580012
2580013
2580014
2580015
2580016
2580017
2580018
2580019
2580020
2580021
2580022
2580023
2580024
2580025
2580026
2580027
2580028
2580029
2580030
2580031
2580032
2580033
2580034
2580035
2580036
2580037
2580038
2580039
2580040
2580041
2580042
2580043
2580044
2580045
2580046
2580047
2580048
2580049
2580050
2580051
2580052
2580053
2580054
2580055
2580056
2580057
2580058
2580059
3000000
3000001
3000002
3000003
3000004
3000005
3000006
3000007
3000008
3000009
3000010
3000011
3000012
3000013
3000014
3000015
3000016
3000017
3000018
3000019
3000020
3000021
3000022
3000023
3000024
3000025
3000026
3000100
3000101
3000102
3000103
3000104
3000105
3000106
3000107
3000108
3000109
3000110
3000111
3000112
3000113
3000114
3000115
3000116
3000117
3000118
3000119
3000120
3000121
3000122
3000123
3000124
3000125
3000126
3000127
3000128
3000129
3000130
3000131
3000132
3000133
3000134
3000135
3000136
3000137
3000138
3000139
3000140
3000141
3000142
3000143
3000144
3000145
3000146
3000147
3000148
3000149
3000150
3000151
3000152
3000160
3000161
3000162
3000163
3000164
3000165
3000166
3000167
3000168
3000169
3000170
3000171
3000172
3000173
3000174
3000175
3000176
3000177
3000178
3000179
3001000
3001001
3001002
3001003
3001004
3001005
3001006
3001007
3001008
3001009
3001010
3001011
3001012
3001013
3001014
3001015
3001016
3001017
3001018
3001019
3001020
3001021
3001022
3001023
3001024
3001025
3001026
3001027
3001028
3001029
3001030
3001031
3001032
3001033
3001034
3001035
3001036
3001037
3001038
3001100
3001101
3001102
3001104
3001105
3001106
3001107
3001108
3001109
3001110
3001111
3001112
3001113
3001114
3001115
3001120
3001121
3001122
3001123
3001124
3001125
3001126
3001127
3001128
3001129
3001130
3001131
3001132
3001133
3001134
3001135
3001136
3001137
3001138
3001139
3001141
3001142
3001143
3001144
3001145
3001146
3001147
3001148
3001149
3001150
3001151
3001152
3001153
3001154
3001155
3001156
3001157
3001158
3001159
3001200
3001201
3001202
3001203
3001204
3001205
3001206
3001207
3001208
3001209
3001210
3001211
3001212
3001213
3001214
3001215
3001216
3001217
3001218
3001219
3001220
3001221
3001222
3001223
3001224
3001225
3001226
3001227
3001228
3001229
3001230
3001231
3001232
3001233
3001234
3001235
3001236
3001237
3001238
3001239
3001240
3001241
3001242
3001243
3001244
3001250
3001251
3001252
3001253
3001254
3001255
3001256
3001257
3001258
3001259
3001260
3001261
3001262
3001263
3001264
3001265
3001266
3001267
3001268
3001269
3001270
3001271
3001272
3001273
3001274
3001275
3001276
3001277
3001278
3001279
3001280
3001281
3001282
3001283
3001284
3001285
3001286
3001287
3001288
3001289
3001300
3001301
3001302
3001303
3001304
3001305
3001306
3001307
3001308
3001309
3001310
3001311
3001312
3001313
3001314
3001315
3001316
3001317
3001318
3001319
3001320
3001321
3001322
3001323
3001324
3001325
3001326
3001327
3001329
3001330
3001331
3001332
3001333
3001334
3001335
3001336
3001337
3001338
3001339
3001340
3001341
3001342
3001343
3001344
3001345
3001346
3001350
3001351
3001352
3001353
3001354
3001355
3001356
3001357
3001358
3001359
3001360
3001361
3001362
3001363
3001364
3001365
3001366
3001367
3001368
3001369
3001370
3001371
3001372
3001373
3001374
3001375
3001376
3001377
3001378
3001379
3001380
3001381
3001382
3001383
3001384
3001385
3001386
3001387
3001388
3001389
3001390
3001391
3001392
3001393
3001400
3001401
3001402
3001403
3001404
3001405
3001406
3001407
3001408
3001409
3001410
3001411
3001412
3001413
3001414
3001415
3001416
3001417
3001418
3001419
3001420
3001421
3001422
3001423
3001424
3001430
3001431
3001432
3001433
3001434
3001435
3001436
3001437
3001438
3001439
3001440
3001441
3001442
3001443
3001444
3001445
3001446
3001447
3001448
3001449
3001450
3001451
3001452
3001453
3001454
3001455
3001456
3001457
3001458
3001459
3001460
3001461
3001462
3001463
3001464
3001465
3001500
3001501
3001502
3001503
3001504
3001505
3001506
3001507
3001508
3001509
3001510
3001511
3001512
3001513
3001514
3001515
3001516
3001517
3001518
3001519
3001520
3001521
3001522
3001523
3001524
3001525
3001526
3001527
3001528
3001529
3001530
3001531
3001532
3001533
3001534
3001535
3001536
3001537
3001538
3001539
3001540
3001541
3001542
3001543
3001550
3001551
3001552
3001553
3001554
3001555
3001556
3001557
3001600
3001601
3001602
3001603
3001604
3001605
3001606
3001607
3001608
3001609
3001610
3001611
3001612
3001613
3001614
3001615
3001616
3001617
3001618
3001619
3001620
3001621
3001622
3001623
3001624
3001625
3001626
3001627
3001628
3001629
3001630
3001631
3001632
3001633
3001634
3001635
3001636
3001637
3001638
3001639
3001640
3001641
3001642
3001643
3001644
3001645
3001646
3001647
3001648
3001649
3001650
3001651
3001652
3001653
3001654
3001655
3001656
3001657
3001658
3001659
3001660
3001661
3001662
3001663
3001664
3001665
3001666
3001667
3001668
3001669
3001670
3001671
3001672
3001673
3001674
3001675
3001676
3001677
3001678
3001679
3001680
3001681
3001682
3001683
3001684
3001685
3001686
3001687
3001688
3001689
3001690
3001691
3001692
3001693
3001694
3001695
3001696
3001697
3001698
3001699
3001700
3001701
3001702
3001703
3001704
3001705
3001706
3001707
3001850
3001851
3001852
3001853
3001854
3001855
3001856
3001857
3001858
3001859
3001860
3001861
3001862
3001863
3001864
3001865
3001866
3001867
3001868
3001869
3001870
3001900
3001901
3001902
3001903
3001904
3001905
3001906
3001907
3001908
3001909
3001910
3001911
3001912
3001913
3001914
3001915
3001916
3001917
3001918
3001919
3001920
3001921
3001922
3001923
3001924
3001925
3001926
3001927
3001928
3001929
3001930
3001931
3001932
3001933
3001934
3001935
3001936
3001937
3001938
3001939
3001940
3001941
3001942
3001943
3001944
3001945
3001946
3001947
3001948
3001950
3001951
3001952
3001953
3001954
3001955
3001956
3001957
3001958
3001959
3001960
3001961
3001962
3001963
3001964
3001965
3001966
3001967
3001968
3001969
3001970
3001971
3001972
3001973
3001974
3001975
3001976
3001977
3001978
3001979
3001980
3001981
3001982
3001983
3001984
3001985
3001986
3001987
3001988
3001989
3002000
3002001
3002002
3002003
3002004
3002005
3002006
3002007
3002008
3002009
3002010
3002011
3002012
3002013
3002014
3002015
3002016
3002017
3002018
3002019
3002020
3002021
3002022
3002023
3002024
3002025
3002026
3002027
3002028
3002029
3002030
3002031
3002032
3002100
3002101
3002102
3002103
3002104
3002105
3002106
3002107
3002108
3002109
3002110
3002111
3002112
3002113
3002114
3002115
3002116
3002117
3002118
3002119
3002120
3002121
3002122
3002123
3002124
3002125
3002126
3002127
3002128
3002129
3002130
3002131
3002132
3002133
3002134
3002135
3002136
3002137
3002138
3002139
3002140
3002141
3002142
3002143
3002144
3002145
3002146
3002147
3002148
3002149
3002150
3002151
3002152
3002153
3003100
3003101
3003102
3003103
3003104
3003105
3003106
3003107
3003108
3003109
3003110
3003111
3003112
3003113
3003114
3003115
3003116
3003117
3003118
3003119
3003120
3003121
3003122
3003123
3003124
3003125
3003126
3003127
3003128
3003129
3003130
3003131
3003132
3003133
3003134
3003135
3003136
3003137
3003138
3003139
3003140
3003141
3003142
3003143
3003144
3003145
3003146
3003147
3003148
3003150
3003151
3003152
3003153
3003154
3003155
3003156
3003157
3003158
3003159
3003160
3003161
3003162
3003163
3003164
3003165
3003166
3003167
3003168
3003169
3003170
3003171
3003200
3003201
3003202
3003203
3003204
3003205
3003206
3003207
3003208
3003209
3003210
3003211
3003212
3003213
3003214
3003215
3003216
3003217
3003218
3003219
3003220
3003221
3003222
3003223
3003224
3003225
3003226
3003227
3003228
3003229
3003230
3003231
3003232
3003233
3003234
3003235
3003236
3003237
3003238
3003239
3003240
3003241
3003242
3003243
3003244
3003245
3003246
3003247
3003248
3003249
3003250
3003251
3003252
3003254
3003255
3003256
3003257
3003258
3003259
3003261
3003262
3003263
3003264
3003265
3003266
3003270
3003271
3003272
3003273
3003274
3003275
3003276
3003277
3003278
3003279
3003280
3003281
3003282
3003283
3003284
3003285
3003286
3003287
3003288
3003289
3003290
3003291
3003292
3003293
3003294
3003295
3003296
3003297
3003298
3003300
3003301
3003302
3003303
3003304
3003305
3003306
3003307
3003308
3003309
3003310
3003311
3003312
3003313
3003314
3003315
3003316
3003317
3003318
3003319
3003320
3003321
3003322
3003323
3003324
3003325
3003326
3003327
3003328
3003329
3003330
3003331
3003332
3003333
3003334
3003335
3003336
3003337
3003338
3003350
3003351
3003352
3003353
3003354
3003355
3003356
3003357
3003358
3003359
3003360
3003361
3003362
3003363
3003364
3003365
3003366
3003367
3003368
3003369
3003370
3003371
3003372
3003373
3003381
3003400
3003401
3003402
3003403
3003404
3003405
3003406
3003407
3003408
3003409
3003410
3003411
3003412
3003413
3003414
3003415
3003416
3003417
3003418
3003419
3003420
3003421
3003422
3003423
3003424
3003425
3003426
3003427
3003428
3003429
3003430
3003431
3003432
3003433
3003434
3003435
3003436
3003450
3003451
3003452
3003453
3003454
3003460
3003461
3003462
3003465
3003466
3003467
3003468
3003469
3003470
3003471
3003472
3003473
3003474
3003475
3003476
3003480
3003481
3003482
3003483
3003484
3003485
3003486
3003487
3003488
3003490
3003500
3003501
3003502
3003503
3003504
3003505
3003506
3003507
3003508
3003509
3003510
3003511
3003512
3003513
3003514
3003515
3003516
3003517
3003518
3003519
3003520
3003521
3003522
3003523
3003524
3003525
3003526
3003527
3003528
3003529
3003530
3003531
3003532
3003533
3003534
3003535
3003536
3003537
3003538
3003540
3003541
3003542
3003543
3003544
3003545
3003546
3003547
3003548
3003549
3003550
3003551
3003552
3003553
3003554
3003555
3003556
3003557
3003558
3003559
3003560
3003561
3003562
3003563
3003564
3003565
3003566
3003567
3003568
3003569
3003570
3003571
3003572
3003573
3003574
3003575
3003576
3003577
3003578
3003579
3003580
3003581
3003582
3003583
3003584
3003585
3003586
3003587
3003588
3003589
3003590
3003591
3003592
3003593
3003594
3003595
3003596
3003597
3003598
3003599
3003600
3003601
3003602
3003603
3003604
3003605
3003606
3003607
3003608
3003609
3003610
3003611
3003612
3003613
3003614
3003615
3003616
3003617
3003618
3003619
3003620
3003621
3003622
3003623
3003624
3003625
3003626
3003627
3003628
3003629
3003630
3003631
3003632
3003633
3003634
3003635
3003636
3003637
3003638
3003639
3003640
3003641
3003642
3003643
3003644
3003645
3003646
3003650
3003651
3003652
3003653
3003654
3003655
3003656
3003657
3003658
3003659
3003660
3003661
3003662
3003663
3003664
3003665
3003666
3003667
3003668
3003669
3003670
3003671
3003672
3003673
3003674
3003675
3003676
3003677
3003678
3003679
3003680
3003681
3003682
3003683
3003684
3003685
3003686
3003687
3003688
3003689
3003690
3003691
3003692
3003693
3003694
3003695
3003696
3003697
3003698
3003699
3003700
3003701
3003702
3003703
3003704
3003705
3003706
3003707
3003708
3003709
3003710
3003711
3003713
3003714
3003715
3003716
3003717
3003718
3003721
3003722
3003723
3003724
3003725
3003726
3003730
3003731
3003732
3003733
3003734
3003735
3003736
3003737
3003738
3003739
3003740
3003741
3003742
3003743
3003744
3003745
3003746
3003747
3003748
3003749
3003750
3003751
3003752
3003753
3003754
3003755
3003756
3003757
3003758
3003759
3003760
3003761
3003762
3003763
3003764
3003765
3003766
3003767
3003768
3003769
3003770
3003771
3003772
3003773
3003774
3003775
3003776
3003777
3003778
3003779
3003780
3003781
3003782
3003783
3003784
3003785
3003786
3003787
3003788
3003789
3003790
3003791
3003792
3003793
3003794
3003795
3003796
3003797
3003798
3003799
3003800
3003801
3003802
3003803
3003804
3003805
3003806
3003807
3003808
3003809
3003810
3003811
3003812
3003813
3003814
3003815
3003816
3003817
3003900
3003901
3003902
3003903
3003904
3003905
3003906
3003907
3003908
3003909
3003910
3003911
3003912
3003913
3003914
3003915
3003916
3003917
3003918
3003919
3003920
3003921
3003922
3003923
3003924
3003925
3003926
3003927
3003928
3003929
3003930
3003931
3003932
3003933
3003934
3003935
3003936
3003937
3003938
3003939
3003940
3003941
3003942
3003943
3003944
3003945
3003950
3003951
3003952
3003953
3003954
3003955
3003956
3003957
3003958
3003959
3003960
3003961
3003962
3003963
3003964
3003965
3003966
3003967
3003968
3003969
3003970
3003971
3003972
3003973
3003974
3003975
3003976
3003977
3003978
3003979
3003980
3003981
3003982
3003983
3003984
3003985
3003986
3003987
3003988
3003989
3003990
3003991
3003992
3003993
3003994
3003995
3004000
3004001
3004002
3004003
3004004
3004005
3004006
3004007
3004008
3004009
3004010
3004011
3004012
3004013
3004014
3004015
3004016
3004017
3004018
3004019
3004020
3004021
3004022
3004023
3004024
3004025
3004026
3004027
3004028
3004029
3004030
3004031
3004032
3004033
3004034
3004035
3004036
3004037
3004038
3004039
3004040
3004041
3004042
3004043
3004044
3004045
3004046
3004047
3004048
3004049
3004050
3004051
3004052
3004053
3004060
3004061
3004062
3004063
3004064
3004065
3004066
3004067
3004068
3004069
3004070
3004071
3004072
3004073
3004074
3004075
3004076
3004077
3004078
3004079
3004080
3004081
3004082
3004083
3004084
3004085
3004089
3004090
3004091
3004092
3004093
3004094
3004095
3004096
3004097
3004098
3004099
3004100
3004101
3004102
3004103
3004104
3004105
3004106
3004107
3004108
3004109
3004110
3004111
3004112
3004113
3004114
3004115
3004116
3004117
3004118
3004119
3004120
3004121
3004122
3004123
3004124
3004125
3004126
3004127
3004128
3004129
3004130
3004131
3004132
3004133
3004134
3004135
3004136
3004137
3004138
3004139
3004140
3004141
3004142
3004143
3004144
3004145
3004146
3004147
3004148
3004149
3004150
3004151
3004152
3004153
3004154
3004155
3004156
3004157
3004158
3004159
3004160
3004161
3004162
3004163
3004164
3004165
3004166
3004167
3004168
3004169
3004170
3004171
3004172
3004173
3004174
3004201
3004202
3004203
3004204
3004205
3004208
3004210
3004211
3004212
3004213
3004215
3004216
3004217
3004218
3004219
3004220
3004221
3004222
3004223
3004224
3004225
3004226
3004300
3004301
3004302
3004303
3004304
3004305
3004320
3004321
3004322
3004323
3004324
3004325
3004326
3004327
3004328
3004329
3004330
3004331
3004332
3004333
3004334
3004335
3004336
3004340
3004401
3004402
3004403
3004404
3004405
3004406
3004407
3004408
3004409
3004410
3004411
3004412
3004413
3004414
3004415
3004416
3004417
3004418
3004419
3004420
3004421
3004422
3004423
3004424
3004425
3004426
3004427
3004428
3004429
3004430
3004431
3004432
3004433
3004434
3004435
3004436
3004437
3004438
3004439
3004440
3004441
3004442
3004443
3004444
3004445
3004446
3004447
3004448
3004449
3004450
3004451
3004452
3004453
3004454
3004455
3004456
3004457
3004459
3004460
3004461
3004462
3004463
3004464
3004465
3004466
3004467
3004468
3004470
3004471
3004472
3004473
3004474
3004475
3004476
3004477
3004478
3004479
3004480
3004481
3004482
3004483
3004484
3004485
3004486
3004487
3004488
3004489
3004490
3004500
3004501
3004502
3004503
3004504
3004505
3004506
3004507
3004508
3004509
3004510
3004511
3004512
3004513
3004514
3004515
3004516
3004517
3004518
3004519
3004520
3004521
3004522
3004523
3004524
3004525
3004526
3004527
3004528
3004529
3004530
3004531
3004532
3004533
3004534
3004535
3004536
3004537
3004538
3004539
3004540
3004541
3004542
3004543
3004544
3004545
3004546
3004547
3004548
3004549
3004550
3004551
3004552
3004553
3004554
3004555
3004556
3004557
3004558
3004559
3004560
3004561
3004562
3004563
3004564
3004565
3004566
3004567
3004568
3004569
3004570
3004571
3004572
3004573
3004574
3004575
3004576
3004577
3004578
3004579
3004601
3004602
3004603
3004604
3004605
3004606
3004607
3004608
3004609
3004610
3004611
3004612
3004613
3004614
3004615
3004616
3004617
3004618
3004619
3004620
3004650
3004651
3004652
3004653
3004654
3004655
3004656
3004657
3004658
3004659
3004660
3004661
3004662
3004663
3004664
3004665
3004666
3004667
3004670
3004671
3004672
3004673
3004674
3004675
3004676
3004677
3004700
3004701
3004702
3004703
3004704
3004705
3004706
3004707
3004708
3004709
3004710
3004711
3004712
3004713
3004714
3004715
3004716
3004717
3004718
3004719
3004720
3004721
3004722
3004723
3004724
3004725
3004726
3004727
3004728
3004729
3004732
3004733
3004734
3004735
3004736
3004737
3004738
3004739
3004740
3004741
3004742
3004743
3004744
3004745
3004746
3004747
3004748
3004749
3004750
3004751
3004752
3004753
3004754
3004755
3004756
3004757
3004758
3004759
3004760
3004761
3004762
3004763
3004780
3004781
3004800
3004801
3004802
3004803
3004804
3004805
3004806
3004807
3004808
3004809
3004810
3004811
3004812
3004813
3004814
3004815
3004816
3004817
3004818
3004819
3004820
3004821
3004822
3004823
3004824
3004825
3004850
3004851
3004852
3004853
3004854
3004855
3004856
3004857
3004858
3004859
3004860
3004861
3004862
3004863
3004864
3004865
3004901
3004902
3004903
3004904
3004905
3004906
3004907
3004908
3004909
3004910
3004911
3004912
3004913
3004914
3004915
3004916
3004917
3004918
3004919
3004920
3004921
3004922
3004923
3004924
3004925
3004926
3004927
3004928
3004929
3004951
3004952
3004953
3004954
3004955
3004956
3004957
3004958
3004959
3004960
3004961
3004962
3004963
3004964
3004965
3004966
3004967
3004968
3004969
3004970
3004971
3004972
3004973
3004974
3004975
3004976
3004977
3004978
3004979
3004980
3004981
3004982
3004983
3004984
3004985
3004986
3004990
3004991
3004992
3005000
3005001
3005002
3005003
3005004
3005005
3005006
3005007
3005008
3005009
3005010
3005011
3005012
3005013
3005014
3005015
3005016
3005017
3005018
3005019
3005020
3005021
3005022
3005023
3005024
3005025
3005026
3005027
3005028
3005030
3005031
3005032
3005033
3005050
3005051
3005052
3005053
3005054
3005055
3005056
3005057
3005058
3005059
3005060
3005061
3005062
3005063
3005064
3005065
3005066
3005067
3005069
3005070
3005072
3005073
3005074
3005075
3005076
3005077
3005100
3005101
3005102
3005103
3005104
3005105
3005106
3005107
3005108
3005109
3005110
3005111
3005112
3005113
3005114
3005115
3005116
3005117
3005118
3005119
3005120
3005121
3005122
3005123
3005124
3005125
3005126
3005127
3005128
3005129
3005130
3005131
3005132
3005133
3005134
3005135
3005150
3005151
3005152
3005153
3005154
3005155
3005156
3005157
3005158
3005159
3005160
3005161
3005162
3005163
3005164
3005165
3005166
3005167
3005168
3005169
3005170
3005171
3005172
3005173
3005174
3005175
3005176
3005177
3005178
3005180
3005181
3005182
3005183
3005184
3005185
3005186
3005187
3005188
3005200
3005201
3005202
3005203
3005204
3005205
3005206
3005207
3005208
3005209
3005210
3005211
3005212
3005213
3005214
3005215
3005216
3005217
3005218
3005219
3005220
3005222
3005223
3005224
3005225
3005226
3005227
3005228
3005230
3005231
3005232
3005233
3005234
3005235
3005236
3005237
3005238
3005239
3005240
3005241
3005242
3005243
3005244
3005245
3005246
3005247
3005248
3005249
3005250
3005251
3005252
3005253
3005254
3005255
3005256
3005257
3005258
3005259
3005260
3005261
3005262
3005263
3005264
3005265
3005266
3005267
3005300
3005301
3005302
3005303
3005304
3005305
3005306
3005307
3005308
3005309
3005310
3005311
3005312
3005313
3005331
3005332
3005333
3005334
3005335
3005336
3005337
3005338
3005339
3005340
3005341
3005342
3005343
3005344
3005345
3005358
3005359
3005360
3005361
3005362
3005363
3005364
3005365
3005366
3005367
3005368
3005369
3005370
3005371
3005372
3005373
3005374
3005375
3005376
3005377
3005378
3005379
3005380
3005381
3005382
3005383
3005384
3005385
3005386
3005387
3005388
3005389
3005390
3005391
3005392
3005393
3005394
3005395
3005396
3005397
3005398
3005399
3005400
3005401
3005402
3005403
3005404
3005405
3005406
3005407
3005408
3005409
3005410
3005411
3005412
3005413
3005414
3005415
3005416
3005420
3005421
3005422
3005423
3005424
3005425
3005426
3005427
3005500
3005501
3005502
3005503
3005504
3005505
3005506
3005507
3005508
3005509
3005510
3005511
3005512
3005513
3005514
3005515
3005516
3005517
3005518
3005519
3005520
3005521
3005522
3005523
3005524
3005525
3005526
3005527
3005528
3005529
3005530
3005531
3005532
3005533
3005534
3005535
3005536
3005537
3005538
3005539
3005540
3005541
3005542
3005543
3005544
3005545
3005546
3005550
3005551
3005552
3005553
3005554
3005555
3005556
3005557
3005558
3005559
3005560
3005561
3005562
3005563
3005564
3005565
3005566
3005567
3005568
3005569
3005570
3005571
3005572
3005573
3005574
3005575
3005576
3005577
3005578
3005579
3005580
3005581
3005582
3005583
3005584
3005585
3005600
3005601
3005602
3005603
3005604
3005605
3005606
3005607
3005608
3005609
3005610
3005611
3005612
3005613
3005614
3005615
3005616
3005617
3005618
3005619
3005620
3005621
3005622
3005623
3005624
3005625
3005626
3005627
3005628
3005629
3005630
3005631
3005632
3005633
3005634
3005635
3005636
3005637
3005638
3005639
3005640
3005641
3005642
3005643
3005644
3005645
3005646
3005647
3005648
3005649
3005650
3005651
3005652
3005653
3005654
3005655
3005656
3005657
3005658
3005659
3005660
3005661
3005662
3005663
3005664
3005665
3005666
3005667
3005668
3005669
3005670
3005671
3005672
3005673
3005674
3005675
3005676
3005677
3005678
3005679
3005680
3005681
3005682
3005683
3005684
3005685
3005686
3005687
3005688
3005689
3005690
3005691
3005692
3005693
3005700
3005701
3005702
3005703
3005704
3005705
3005706
3005707
3005708
3005709
3005710
3005711
3005712
3005713
3005714
3005715
3005716
3005717
3005718
3005719
3005720
3005721
3005722
3005723
3005724
3005725
3005726
3005727
3005728
3005729
3005730
3005731
3005732
3005733
3005734
3005735
3005736
3005737
3005738
3005739
3005740
3005741
3005742
3005743
3005744
3005745
3005746
3005747
3005748
3005749
3005750
3005751
3005752
3005753
3005754
3005755
3005756
3005757
3005758
3005759
3005760
3005761
3005762
3005763
3005764
3005765
3005766
3005800
3005801
3005802
3005803
3005804
3005805
3005806
3005807
3005808
3005809
3005810
3005811
3005812
3005813
3005814
3005815
3005816
3005817
3005818
3005819
3005820
3005821
3005822
3005823
3005824
3005825
3005826
3005827
3005828
3005829
3005830
3005831
3005832
3005833
3005834
3005835
3005900
3005901
3005902
3005903
3005904
3005905
3005906
3005907
3005908
3005909
3005910
3005911
3005912
3005913
3005914
3005915
3005916
3005917
3005918
3005919
3005920
3005921
3005922
3005923
3005924
3005925
3005926
3005927
3005928
3005929
3005930
3005931
3005932
3005933
3005934
3005935
3005936
3005937
3005938
3005990
3005991
3005992
3005993
3005994
3005995
3005996
3005997
3006000
3006001
3006002
3006003
3006004
3006005
3006006
3006007
3006008
3006009
3006010
3006011
3006012
3006013
3006014
3006015
3006016
3006017
3006018
3006019
3006020
3006021
3006022
3006023
3006024
3006025
3006026
3006027
3006028
3006029
3006030
3006031
3006032
3006033
3006034
3006035
3006036
3006037
3006038
3006039
3006040
3006041
3006042
3006043
3006044
3006045
3006046
3006047
3006048
3006049
3006050
3006051
3006052
3006053
3006054
3006055
3006056
3006057
3006058
3006059
3006100
3006101
3006102
3006103
3006104
3006105
3006106
3006107
3006108
3006109
3006110
3006111
3006112
3006113
3006114
3006115
3006116
3006117
3006118
3006119
3006120
3006121
3006122
3006123
3006124
3006125
3006126
3006127
3006128
3006150
3006151
3006152
3006153
3006154
3006155
3006156
3006157
3006158
3006159
3006160
3006161
3006162
3006163
3006164
3006165
3006166
3006167
3006168
3006169
3006170
3006171
3006172
3006173
3006174
3006175
3006176
3006177
3006178
3006179
3006180
3006181
3006182
3006183
3006184
3006185
3006186
3006187
3006188
3006189
3006190
3006191
3006192
3006193
3006194
3006195
3006199
3006210
3006211
3006212
3006213
3006214
3006215
3006216
3006217
3006218
3006219
3006220
3006221
3006222
3006223
3006224
3006225
3006226
3006227
3006228
3006229
3006230
3006231
3006232
3006233
3006234
3006235
3006250
3006251
3006252
3006253
3006254
3006255
3006256
3006257
3006258
3006259
3006260
3006261
3006262
3006263
3006264
3006265
3006266
3006267
3006268
3006269
3006270
3006271
3006272
3006273
3006274
3006275
3006276
3006277
3006280
3006281
3006282
3006283
3006284
3006285
3006286
3006287
3006288
3006289
3006290
3006291
3006292
3006293
3006294
3006295
3006296
3006297
3006298
3006299
3006300
3006301
3006302
3006303
3006320
3006321
3006322
3006323
3006324
3006325
3006326
3006327
3006328
3006329
3006330
3006331
3006332
3006333
3006334
3006335
3006336
3006337
3006338
3006339
3006340
3006341
3006342
3006343
3006344
3006345
3006346
3006347
3006351
3006352
3006353
3006354
3006355
3006356
3006357
3006358
3006359
3006360
3006361
3006362
3006363
3006364
3006365
3006366
3006367
3006368
3006369
3006370
3006371
3006372
3006373
3006374
3006375
3006376
3006377
3006378
3006379
3006380
3006381
3006382
3006383
3006384
3006385
3006386
3006387
3006388
3006389
3006390
3006391
3006392
3006393
3006394
3006400
3006401
3006402
3006403
3006404
3006405
3006406
3006407
3006408
3006409
3006410
3006411
3006412
3006413
3006414
3006415
3006416
3006417
3006418
3006419
3006420
3006421
3006422
3006423
3006424
3006425
3006426
3006427
3006428
3006429
3006430
3006431
3006432
3006433
3006434
3006435
3006436
3006437
3006438
3006439
3006440
3006441
3006442
3006443
3006444
3006445
3006446
3006450
3006451
3006452
3006453
3006454
3006455
3006456
3006457
3006458
3006459
3006460
3006461
3006462
3006463
3006464
3006465
3006466
3006467
3006468
3006469
3006470
3006471
3006472
3006473
3006474
3006475
3006476
3006477
3006478
3006479
3006480
3006481
3006482
3006483
3006484
3006485
3006486
3006487
3006488
3006489
3006490
3006491
3006492
3006493
3006494
3006495
3006496
3006497
3006498
3006499
3006500
3006501
3006502
3006503
3006504
3006505
3006506
3006507
3006508
3006509
3006510
3006511
3006512
3006513
3006514
3006515
3006516
3006517
3006518
3006519
3006520
3006521
3006522
3006523
3006524
3006525
3006526
3006527
3006528
3006529
3006530
3006531
3006532
3006533
3006534
3006535
3006536
3006537
3006538
3006539
3006540
3006541
3006542
3006543
3006544
3006545
3006546
3006547
3006548
3006549
3006550
3006551
3006552
3006553
3006554
3006555
3006558
3006559
3006560
3006561
3006562
3006563
3006564
3006565
3006566
3006567
3006568
3006569
3006570
3006571
3006572
3006573
3006574
3006575
3006576
3006577
3006578
3006579
3006580
3006581
3006582
3006583
3006584
3006585
3006586
3006587
3006588
3006589
3006590
3006591
3006592
3006593
3006594
3006595
3006596
3006597
3006598
3006599
3006600
3006601
3006602
3006603
3006604
3006605
3006606
3006607
3006608
3006609
3006610
3006611
3006612
3006613
3006614
3006615
3006616
3006617
3006618
3006619
3006620
3006621
3006622
3006623
3006624
3006625
3006626
3006627
3006628
3006629
3006630
3006631
3006632
3006633
3006634
3006635
3006636
3006637
3006638
3006639
3006640
3006641
3006642
3006643
3006644
3006645
3006646
3006647
3006648
3006650
3006651
3006652
3006653
3006654
3006655
3006656
3006657
3006658
3006659
3006660
3006661
3006662
3006663
3006664
3006665
3006666
3006667
3006668
3006669
3006670
3006671
3006672
3006673
3006674
3006675
3006676
3006677
3006678
3006679
3006680
3006681
3006682
3006683
3006684
3006685
3006686
3006700
3006701
3006702
3006703
3006704
3006705
3006706
3006714
3006715
3006716
3006717
3006718
3006719
3006720
3006721
3006722
3006730
3006731
3006732
3006733
3006734
3006735
3006736
3006737
3006738
3006739
3006740
3006741
3006742
3006743
3006744
3006745
3006746
3006750
3006751
3006752
3006753
3006760
3006761
3006762
3006763
3006764
3006765
3006766
3006768
3006769
3006770
3006771
3006780
3006781
3006782
3006783
3006784
3006785
3006790
3006791
3006792
3006793
3006794
3006795
3006796
3006797
3006798
3006799
3006800
3006801
3006802
3006803
3006804
3006805
3006806
3006807
3006808
3006809
3006810
3006811
3006812
3006813
3006814
3006815
3006816
3006817
3006818
3006819
3006820
3006821
3006822
3006823
3006824
3006825
3006826
3006827
3006828
3006829
3006830
3006831
3006832
3006833
3006834
3006835
3006836
3006837
3006838
3006839
3006840
3006841
3006842
3006843
3006844
3006845
3006846
3006847
3006850
3006851
3006852
3006853
3006854
3006855
3006856
3006857
3006858
3006859
3006860
3006861
3006862
3006863
3006864
3006865
3006866
3006867
3006868
3006869
3006870
3006871
3006872
3006873
3006874
3006875
3006876
3006877
3006878
3006879
3006880
3006881
3006882
3006883
3006884
3006885
3006886
3006887
3006888
3006889
3006890
3006891
3006892
3006893
3006894
3006900
3006901
3006902
3006903
3006910
3006911
3006912
3006913
3006914
3006915
3006916
3006917
3006918
3006919
3006920
3006921
3006922
3006923
3006924
3006925
3006926
3006927
3006928
3006929
3006930
3006931
3006932
3006933
3006934
3006935
3006936
3006937
3006938
3006939
3006940
3006941
3006942
3006943
3006944
3006945
3006946
3006947
3006948
3006949
3006950
3006951
3006952
3006953
3006954
3006955
3006956
3006957
3006958
3006959
3006971
3006972
3006973
3006981
3006982
3006983
3006984
3006985
3006986
3006987
3006988
3006989
3006990
3006991
3006992
3006993
3006994
3006995
3006996
3006997
3007000
3007001
3007002
3007003
3007004
3007005
3007006
3007007
3007008
3007009
3007010
3007011
3007012
3007020
3007021
3007022
3007023
3007024
3007025
3007026
3007030
3007031
3007032
3007033
3007034
3007035
3007036
3007037
3007038
3007039
3007040
3007041
3007042
3007043
3007044
3007045
3007046
3007047
3007048
3007049
3007050
3007051
3007052
3007053
3007054
3007055
3007056
3007057
3007058
3007059
3007060
3007061
3007062
3007063
3007064
3007065
3007066
9000000
9000001
9000002
9000003
9000004
9000005
9000006
9000007
9000008
9000009
9000010
9000011
9000012
9000013
9000014
9000015
9000017
9000018
9000019
9000020
9000021
9000022
9000023
9000024
9000025
9000026
9000027
9000028
9000029
9000030
9000031
9000032
9000033
9000034
9000035
9000036
9000037
9000038
9000039
9000040
9000041
9000042
9000043
9000044
9000045
9000046
9000047
9000048
9000049
9000050
9000051
9000052
9000053
9000054
9000055
9000056
9000057
9000058
9000059
9000060
9000061
9000062
9000063
9000064
9000065
9000066
9000067
9000068
9000069
9000070
9000071
9000072
9000073
9000074
9000075
9000076
9000077
9000078
9000079
9000080
9000081
9000082
9000083
9000084
9000085
9000086
9000087
9000088
9000089
9000090
9000091
9000092
9000093
9000094
9000095
9000096
9000097
9000098
9000099
9000100
9000101
9000102
9000103
9000104
9000105
9000106
9000107
9000108
9000109
9000110
9000111
9000112
9000113
9000114
9000115
9000116
9000117
9000118
9000119
9000120
9000121
9000122
9000123
9000124
9000125
9000126
9000127
9000128
9000129
9000130
9000131
9000132
9000133
9000134
9000135
9000136
9000137
9000138
9000139
9000140
9000141
9000142
9000143
9000144
9000145
9000146
9000147
9000148
9000149
9000150
9000151
9000152
9000153
9000154
9000155
9000156
9000157
9000158
9000159
9000160
9000161
9000162
9000163
9000164
9000165
9000167
9000168
9000169
9000170
9000171
9000172
9000173
9000174
9000175
9000176
9000177
9000178
9000179
9000180
9000181
9000182
9000183
9000184
9000185
9000186
9000187
9000188
9000189
9000190
9000191
9000192
9000193
9000194
9000196
9000197
9000198
9000199
9000200
9000201
9000202
9000203
9000204
9000205
9000206
9000207
9000208
9000209
9000210
9000211
9000212
9000213
9000214
9000215
9000216
9000217
9000218
9000219
9000220
9000221
9000222
9000223
9000224
9000225
9000226
9000227
9000228
9000229
9000230
9000231
9000232
9000233
9000234
9000235
9000236
9000237
9000238
9000239
9000240
9000241
9000242
9000243
9000244
9000245
9000246
9000247
9000250
9000251
9000252
9000253
9000254
9000255
9000256
9000257
9000258
9000259
9000260
9000261
9000262
9000263
9000264
9000266
9000267
9000268
9000269
9000270
9000271
9000272
9000273
9000274
9000275
9000276
9000277
9000278
9000279
9000280
9000281
9000282
9000283
9000284
9000285
9000286
9000287
9000288
9000289
9000290
9000291
9000292
9000293
9000294
9000295
9000296
9000297
9000298
9000300
9000301
9000302
9000303
9000304
9000305
9000306
9000307
9000308
9000309
9000310
9000311
9000312
9000313
9000314
9000315
9000316
9000317
9000318
9000319
9000320
9000321
9000322
9000323
9000324
9000325
9000326
9000327
9000328
9000329
9000330
9000331
9000332
9000333
9000334
9000335
9000336
9000337
9000340
9000341
9000342
9000343
9000344
9000345
9000346
9000347
9000348
9000351
9000352
9000353
9000354
9000355
9000356
9000357
9000358
9000359
9000360
9000361
9000362
9000365
9000366
9000367
9000368
9000369
9000370
9000371
9000372
9000373
9000374
9000375
9000376
9000377
9000378
9000379
9000380
9000381
9000382
9000383
9000384
9000385
9000386
9000387
9000388
9000389
9000390
9000391
9000392
9000393
9000395
9000396
9000397
9000398
9000399
9000400
9000401
9000402
9000403
9000404
9000405
9000406
9000407
9000408
9000409
9000410
9000411
9000412
9000413
9000414
9000415
9000416
9000417
9000418
9000419
9000420
9000421
9000422
9000423
9000424
9000425
9000426
9000427
9000428
9000429
9000430
9000431
9000432
9000433
9000434
9000435
9000436
9000437
9000438
9000439
9000440
9000441
9000442
9000443
9000444
9000445
9000446
9000447
9000448
9000449
9000450
9000451
9000452
9000453
9000454
9001000
9001001
9001002
9001003
9001004
9001005
9001006
9001008
9001009
9001010
9001011
9001012
9001013
9001014
9001015
9001016
9001017
9001018
9001019
9001020
9001021
9001022
9001023
9001024
9001025
9001026
9001027
9001028
9001029
9001030
9001031
9001032
9001033
9001034
9001035
9001036
9001037
9001038
9001039
9001040
9001041
9001042
9001043
9001044
9001045
9001046
9001047
9001048
9001049
9001050
9001051
9001052
9001053
9001054
9001055
9001056
9001057
9001058
9001059
9001060
9001061
9001062
9001063
9001064
9001065
9001066
9001067
9001068
9001069
9001070
9001071
9001072
9001073
9001074
9001075
9001076
9001077
9001078
9001079
9001080
9001081
9001082
9001083
9001084
9001085
9001086
9001087
9001088
9001089
9001090
9001091
9001092
9001093
9001094
9001095
9001096
9001097
9001100
9001101
9001102
9001103
9001104
9001105
9001106
9001107
9001108
9001109
9001110
9001111
9001112
9001113
9001114
9001115
9001116
9001117
9001118
9001119
9001120
9001121
9001122
9001123
9001124
9001126
9001127
9001128
9001129
9001130
9001131
9001132
9001133
9001134
9001135
9001136
9001137
9001138
9001139
9001140
9001141
9001142
9001144
9001145
9001146
9001147
9001148
9001149
9001150
9001151
9001152
9001153
9001154
9001155
9001156
9001157
9001158
9001159
9001160
9001161
9001162
9001163
9001164
9001165
9001166
9001167
9001168
9001169
9001170
9001171
9001172
9001173
9001174
9001175
9001182
9001183
9001184
9001185
9001186
9001187
9001188
9001189
9001190
9001191
9001192
9001193
9001194
9001195
9001196
9001197
9001198
9001199
9001212
9001213
9001214
9001215
9001216
9001217
9001218
9001219
9001220
9001221
9001222
9001223
9001224
9001225
9001226
9001227
9001228
9001229
9001230
9001231
9001232
9001233
9010000
9010001
9010002
9010003
9010004
9010005
9010006
9010007
9010008
9010009
9010010
9010011
9010012
9010013
9010014
9010015
9010016
9010017
9010018
9010019
9010020
9010021
9010022
9010023
9010024
9010025
9010026
9010027
9010028
9010029
9010030
9010031
9010032
9010033
9010034
9010035
9010036
9010037
9010038
9010039
9010040
9010041
9010042
9010043
9010044
9010045
9010046
9010047
9010048
9010049
9010050
9010051
9010052
9010054
9010055
9010056
9010057
9010058
9010059
9010060
9010061
9010062
9010063
9010064
9010065
9010066
9010067
9010068
9010069
9010070
9010071
9010072
9010073
9010074
9010075
9010076
9010077
9010078
9010079
9010080
9010081
9010082
9010083
9010084
9010085
9010086
9010087
9010088
9010089
9010090
9010091
9010092
9010093
9010094
9010095
9010096
9010097
9010098
9010099
9010100
9010101
9010102
9010103
9010104
9010105
9010106
9010107
9010108
9010109
9010110
9010111
9010112
9010113
9010114
9010115
9010116
9010117
9020000
9020001
9020002
9020003
9020004
9020005
9020006
9020007
9020008
9020009
9020010
9020011
9020012
9020013
9020014
9020015
9020016
9030000
9030100
9030200
9030300
9031000
9031001
9031002
9031003
9031004
9031005
9031006
9031007
9031008
9031009
9031010
9031011
9031012
9031013
9031014
9031015
9031016
9031017
9031018
9031019
9040000
9040001
9040002
9040003
9040004
9040005
9040006
9040007
9040008
9040009
9040010
9040011
9040012
9050000
9050001
9050002
9050003
9050004
9050005
9050006
9050007
9050008
9050009
9050010
9060000
9062000
9062001
9062002
9062003
9062004
9062005
9062006
9062007
9062008
9062009
9062010
9062011
9062012
9062013
9062014
9062015
9062016
9062017
9062018
9062019
9062020
9062021
9062022
9062023
9062024
9062025
9062026
9062027
9062028
9062029
9062030
9062031
9062032
9062033
9062034
9062035
9062036
9062037
9062038
9062039
9062040
9062042
9062043
9062044
9062045
9062046
9062047
9062048
9062049
9062050
9062051
9062052
9062053
9062054
9062055
9062056
9062057
9062058
9062059
9062060
9062061
9062062
9062063
9062064
9062065
9062066
9062067
9062068
9062069
9062070
9062071
9062072
9062073
9062074
9062075
9062076
9062077
9062078
9062080
9062081
9062082
9062083
9062084
9062085
9062086
9062087
9062088
9062089
9062090
9062091
9062092
9062093
9062094
9062095
9062096
9062097
9062098
9062099
9062100
9062101
9062102
9062103
9062104
9062105
9062106
9062107
9062108
9062109
9062110
9062111
9062112
9062113
9062114
9062115
9062116
9062117
9062118
9062119
9062120
9062121
9062122
9062123
9062124
9062126
9062127
9062128
9062129
9062130
9062131
9062132
9062133
9062134
9062135
9062136
9062137
9062138
9062139
9062140
9062141
9062142
9062143
9062144
9062145
9062146
9062147
9062148
9062149
9062150
9062151
9062152
9062153
9062154
9062155
9062156
9062157
9062158
9062159
9062160
9062161
9062162
9062163
9062164
9062165
9062166
9062167
9062168
9062169
9062170
9062171
9062172
9062173
9062174
9062175
9062176
9062177
9062178
9062179
9062180
9062181
9062182
9062183
9062184
9062185
9062186
9062187
9062188
9062189
9062190
9062191
9062192
9062193
9062194
9062195
9062196
9062197
9062198
9062199
9062200
9062201
9062202
9062203
9062204
9062205
9062206
9062207
9062208
9062209
9062210
9062211
9062212
9062213
9062214
9062215
9062216
9062217
9062218
9062219
9062220
9062221
9062222
9062223
9062224
9062225
9062226
9062227
9062228
9062229
9062230
9062231
9062232
9062233
9062234
9062235
9062236
9062237
9062238
9062239
9062240
9062241
9062242
9062243
9062244
9062245
9062246
9062247
9062248
9062249
9062250
9062251
9062252
9062253
9062255
9062256
9062257
9062258
9062259
9062260
9062261
9062262
9062263
9062264
9062265
9062266
9062267
9062268
9062269
9062270
9062271
9062272
9062273
9062274
9062275
9062276
9062277
9062278
9062279
9062280
9062281
9062282
9062283
9062284
9062285
9062286
9062287
9062288
9062289
9062290
9062291
9062292
9062293
9062294
9062295
9062296
9062297
9062298
9062299
9062300
9062301
9062302
9062303
9062304
9062305
9062306
9062307
9062308
9062309
9062310
9062311
9062312
9062313
9062314
9062315
9062316
9062317
9062318
9062319
9062320
9062321
9062322
9062323
9062324
9062325
9062326
9062327
9062328
9062329
9062330
9062331
9062332
9062333
9062334
9062335
9062336
9062337
9062338
9062339
9062340
9062341
9062342
9062343
9062344
9062345
9062347
9062348
9062349
9062350
9062351
9062352
9062353
9062354
9062355
9062356
9062357
9062358
9062359
9062360
9062361
9062362
9062363
9062364
9062365
9062366
9062367
9062368
9062369
9062370
9062371
9062372
9062373
9062374
9062375
9062376
9062377
9062378
9062379
9062380
9062381
9062382
9062383
9062384
9062385
9062386
9062387
9062388
9062389
9062390
9062391
9062392
9062393
9062394
9062395
9062396
9062397
9062398
9062399
9062400
9062401
9062402
9062403
9062404
9062405
9062406
9062407
9062408
9062409
9062410
9062411
9062412
9062413
9062414
9062415
9062416
9062417
9062418
9062419
9062420
9062421
9062422
9062423
9062424
9062425
9062426
9062427
9062428
9062429
9062430
9062431
9062432
9062433
9062434
9062435
9062436
9062437
9062438
9062439
9062440
9062441
9062442
9062443
9062444
9062445
9062446
9062447
9062448
9062449
9062450
9062451
9062452
9062453
9062454
9062455
9062456
9062457
9062458
9062459
9062460
9062461
9062462
9062463
9062464
9062465
9062466
9062467
9062468
9062469
9062470
9062471
9062472
9062473
9062474
9062475
9062476
9062477
9062478
9062479
9062480
9062481
9062482
9062483
9062484
9062485
9062486
9062487
9062488
9062489
9062490
9062491
9062492
9062493
9062494
9062495
9062496
9062497
9062498
9062499
9062500
9062502
9062503
9062504
9062505
9062506
9062507
9062508
9062509
9062510
9062511
9062512
9062513
9062514
9062515
9062516
9062517
9062518
9062519
9062520
9062521
9062522
9062523
9062524
9062525
9062526
9062527
9062528
9062529
9062530
9062531
9062532
9062533
9062534
9062535
9062536
9062537
9062538
9062539
9062540
9062541
9062542
9062543
9062544
9062545
9062546
9062547
9062548
9062549
9062550
9062551
9062552
9062553
9062554
9062555
9062556
9062557
9062558
9062559
9062560
9062561
9062562
9062563
9062564
9062565
9062566
9062567
9062568
9062569
9062570
9062571
9062572
9062573
9062574
9062575
9062576
9062577
9062578
9062579
9062580
9062581
9062582
9062583
9062584
9062585
9062586
9062587
9062588
9062590
9062591
9062596
9062597
9062598
9062599
9062600
9062601
9062602
9062603
9062604
9062605
9062606
9062607
9062608
9062609
9062610
9062611
9062612
9062613
9062614
9062615
9062616
9062617
9062618
9062619
9062620
9062621
9062622
9062623
9062624
9062625
9062626
9062627
9062628
9062629
9062630
9062631
9062632
9062633
9062634
9062635
9062636
9062637
9062638
9062639
9062640
9062641
9062642
9062643
9062644
9062645
9062646
9062647
9062648
9062649
9062650
9062651
9062652
9062653
9062654
9062655
9062656
9062657
9062658
9062659
9062660
9062661
9062662
9062663
9062664
9062665
9062666
9062667
9062668
9062669
9062670
9062671
9062672
9062673
9062674
9062675
9062676
9062677
9062678
9062679
9062680
9062681
9062682
9062683
9062684
9062685
9062686
9062687
9062688
9062689
9062690
9062691
9062692
9062693
9062694
9062695
9062696
9062698
9062699
9062700
9062701
9062702
9062703
9062704
9062705
9062706
9062707
9062710
9062711
9062712
9062713
9062714
9062715
9062716
9062717
9062718
9062719
9062720
9062721
9062722
9062723
9062724
9062725
9062726
9062727
9062728
9062729
9062730
9062731
9062732
9062733
9062734
9062735
9062736
9062737
9062738
9062739
9062740
9062741
9062742
9062743
9062744
9062745
9062746
9062747
9062748
9062749
9062750
9062751
9062752
9062753
9062754
9062755
9062756
9062757
9062758
9062759
9062760
9062761
9062762
9062763
9062764
9062765
9062766
9062768
9062769
9062770
9062771
9062772
9062773
9062774
9062775
9062776
9062777
9062778
9062779
9062780
9062781
9062782
9062783
9062784
9062785
9062786
9062787
9062788
9062790
9062791
9062792
9062793
9062794
9062795
9062796
9062797
9062798
9062799
9062800
9062801
9062802
9062803
9062804
9062805
9062806
9062807
9062808
9062809
9062810
9062811
9062812
9062813
9062814
9062815
9062816
9062817
9062818
9062819
9062820
9062821
9062822
9062823
9062824
9062825
9062826
9062827
9062828
9062829
9062830
9062831
9062832
9062833
9062834
9062835
9062836
9062837
9062838
9062839
9062840
9062841
9062842
9062843
9062844
9062845
9062846
9062847
9062848
9062849
9062850
9062851
9062852
9062853
9062854
9062855
9062856
9062857
9062858
9062859
9062860
9062861
9062862
9062863
9062864
9062865
9062866
9062867
9062868
9062869
9062870
9062871
9062872
9062873
9062874
9062875
9062876
9062877
9062878
9062879
9062880
9062881
9062882
9062883
9062884
9062885
9062886
9062887
9062888
9062889
9062890
9062891
9062892
9062893
9062894
9062895
9062896
9062897
9062898
9062899
9062900
9062901
9062902
9062903
9062904
9062905
9062906
9062907
9062908
9062909
9062910
9062911
9062912
9062913
9062914
9062915
9062916
9062917
9062918
9062919
9062920
9062921
9062922
9062923
9062924
9062925
9062926
9062927
9062928
9062929
9062930
9062931
9062932
9062933
9062934
9062935
9062936
9062937
9062938
9062939
9062940
9062941
9062942
9062943
9062944
9062945
9062946
9062947
9062948
9062949
9062950
9062951
9062952
9062953
9062954
9062955
9062956
9062957
9062958
9062959
9062960
9062961
9062962
9062963
9062964
9062965
9062966
9062967
9062968
9062969
9062970
9062971
9062972
9062973
9062974
9062975
9062976
9062977
9062978
9062979
9062980
9062981
9062982
9062983
9062984
9062985
9062986
9062987
9062988
9062989
9062990
9062991
9062992
9062993
9062994
9062995
9062996
9062997
9062998
9062999
9063000
9063001
9063002
9063003
9063004
9063005
9063006
9063007
9063008
9063009
9063010
9063011
9063012
9063013
9063014
9063015
9063016
9063017
9063018
9063019
9063020
9063021
9063022
9063023
9063024
9063025
9063026
9063027
9063028
9063029
9063030
9063031
9063032
9063033
9063034
9063035
9063036
9063037
9063038
9063039
9063040
9063041
9063042
9063043
9063044
9063045
9063046
9063047
9063048
9063049
9063050
9063051
9063052
9063053
9063054
9063055
9063056
9063057
9063058
9063059
9063060
9063061
9063062
9063063
9063064
9063065
9063066
9063067
9063068
9063069
9063070
9063071
9063072
9063073
9063074
9063075
9063076
9063077
9063078
9063079
9063080
9063081
9063082
9063083
9063084
9063132
9063133
9063134
9063135
9063136
9063138
9063139
9063140
9063141
9063142
9063143
9063144
9063145
9063146
9063147
9063148
9063149
9063150
9063151
9063152
9063153
9063154
9063155
9063156
9063157
9063158
9063159
9063160
9063161
9063162
9063163
9063164
9063165
9063166
9063167
9063168
9063169
9063170
9063171
9063172
9063173
9063174
9063175
9063176
9063177
9063178
9063179
9063180
9063181
9063182
9063183
9063184
9063185
9063186
9063187
9063188
9063189
9063190
9063191
9063192
9063193
9063194
9063195
9063196
9063197
9063198
9063199
9063200
9063201
9063202
9063203
9063204
9063205
9063206
9063208
9063209
9063210
9063211
9063212
9063213
9063214
9063215
9063216
9063217
9063218
9063219
9063220
9063221
9063222
9063223
9063224
9063225
9063226
9063227
9063228
9063229
9063230
9063231
9063232
9063233
9063234
9063235
9063236
9063237
9063238
9063239
9063240
9063241
9063242
9063243
9063244
9063245
9063246
9063247
9063248
9063249
9063250
9063251
9063252
9063253
9063254
9063255
9063256
9063257
9063258
9063259
9063260
9063261
9063262
9063263
9063265
9063266
9063267
9063268
9063269
9063270
9063271
9063272
9063273
9063274
9063275
9063276
9063277
9063278
9063279
9063280
9063281
9063282
9063283
9063284
9063285
9063286
9063287
9063288
9063289
9063290
9063291
9063292
9063293
9063294
9063295
9063296
9063297
9063298
9063299
9063300
9063301
9063302
9063303
9063304
9063305
9063306
9063307
9063308
9063309
9063310
9063311
9063312
9063313
9063314
9063315
9063316
9063317
9063318
9063319
9063320
9063321
9063322
9063323
9063324
9063325
9063326
9063327
9063328
9063329
9063330
9063331
9063332
9063335
9063336
9063337
9063338
9063339
9063340
9063341
9063342
9063343
9063344
9063345
9063346
9063347
9063348
9063349
9063350
9063351
9063352
9063353
9063354
9063355
9063356
9063357
9063358
9063359
9063360
9063361
9063362
9063363
9063364
9063365
9063366
9063367
9063368
9063369
9063370
9063371
9063372
9063373
9063374
9063375
9063376
9063377
9063378
9063379
9063380
9063381
9063382
9063383
9063384
9063385
9063386
9063387
9063388
9063389
9063390
9063391
9063392
9063393
9063394
9063395
9063396
9063397
9063398
9063399
9063400
9063401
9063402
9063403
9063404
9063405
9063406
9063407
9063408
9063409
9063410
9063411
9063412
9063413
9063414
9063415
9063416
9063417
9063418
9063419
9063420
9063421
9063422
9063423
9063424
9063425
9063426
9063427
9063428
9063429
9063430
9063431
9063432
9063433
9063434
9063435
9063436
9063437
9063438
9063439
9063440
9063441
9063442
9063443
9063444
9063445
9063446
9063447
9063448
9063449
9063450
9063451
9063452
9063453
9063454
9063455
9063456
9063457
9063458
9063459
9063460
9063461
9063462
9063463
9063464
9063465
9063466
9063467
9063468
9063469
9063470
9063471
9063472
9063473
9063474
9063475
9063476
9063477
9063478
9063479
9063480
9063481
9063482
9063483
9063484
9063485
9063486
9063487
9063488
9063489
9063490
9063491
9063492
9063493
9063494
9063495
9063496
9063497
9063498
9063499
9063500
9063580
9063581
9063582
9063583
9063584
9063585
9063586
9063587
9063588
9063589
9063590
9063591
9063592
9063593
9063594
9063595
9063596
9063601
9063602
9063603
9063604
9063605
9063606
9063607
9063608
9063609
9063610
9063611
9063612
9063613
9063614
9063615
9063616
9063617
9063618
9063620
9063621
9063622
9063623
9063624
9063625
9063626
9063627
9063628
9063629
9063630
9063631
9063632
9063633
9063634
9063635
9063636
9063637
9063638
9063639
9063640
9063641
9063642
9063643
9063644
9063645
9063646
9063647
9063648
9063649
9063650
9063651
9063652
9063653
9063654
9063655
9063656
9063657
9063658
9063659
9063660
9063661
9063662
9063663
9063664
9063665
9063666
9063667
9063668
9063669
9063670
9063671
9063672
9063673
9063674
9063675
9063676
9063677
9063678
9063679
9063680
9063681
9063683
9063684
9063685
9063686
9063687
9063688
9063689
9063690
9063691
9063692
9063693
9063694
9063695
9063696
9063697
9063698
9063699
9063700
9063701
9063702
9063703
9063704
9063705
9063706
9063707
9063708
9063709
9063710
9063711
9063712
9063713
9063714
9063715
9063716
9063717
9063718
9063719
9063720
9063721
9063722
9063723
9063724
9063725
9063726
9063727
9063728
9063729
9063730
9063731
9063732
9063733
9063734
9063735
9063736
9063737
9063738
9063739
9063740
9063741
9063742
9063743
9063744
9063745
9063746
9063747
9063748
9063749
9063750
9063751
9063752
9063753
9063754
9063755
9063756
9063757
9063758
9063759
9063760
9063761
9063762
9063763
9063764
9063765
9063766
9063767
9063768
9063769
9063770
9063771
9063772
9063773
9063774
9063775
9063776
9063777
9063778
9063779
9063780
9063781
9063782
9063783
9063784
9063785
9063786
9063787
9063788
9063789
9063790
9063791
9063792
9063793
9063794
9063795
9063796
9063797
9063798
9063799
9063800
9063801
9063802
9063803
9063804
9063805
9063806
9063807
9063808
9063809
9063810
9063811
9063812
9063813
9063814
9063815
9063816
9063817
9063818
9063819
9063820
9063821
9063822
9063823
9063824
9063825
9063826
9063827
9063828
9063829
9063830
9063832
9063833
9063834
9063835
9063836
9063837
9063838
9063839
9063840
9063841
9063842
9063843
9063844
9063845
9063846
9063847
9063848
9063849
9063850
9063851
9063852
9063853
9063854
9063855
9063856
9063857
9063858
9063859
9063860
9063861
9063862
9063863
9063864
9063865
9063866
9063867
9063868
9063869
9063870
9063871
9063872
9063873
9063874
9063875
9063876
9063877
9063878
9063879
9063880
9063881
9063882
9063883
9063884
9063885
9063886
9063887
9063888
9063889
9063890
9063891
9063892
9063893
9063894
9063895
9063896
9063897
9063898
9063899
9063900
9063901
9063902
9063903
9063904
9070000
9070001
9070002
9070003
9070004
9070005
9070006
9070007
9070008
9070009
9070010
9070011
9070100
9070101
9070102
9070103
9070104
9070105
9070110
9070200
9070201
9070202
9070203
9070204
9070205
9070206
9070207
9071000
9071001
9071002
9071003
9071004
9071005
9071006
9071007
9071009
9072000
9072100
9072101
9072200
9072201
9072300
9072301
9072302
9072303
9072304
9072305
9072306
9072307
9072308
9072309
9072311
9073000
9073001
9073002
9073003
9073004
9073005
9073006
9073007
9073008
9073009
9073010
9073011
9073012
9073013
9073014
9073015
9073016
9073017
9073018
9073019
9073020
9073021
9073022
9073023
9073024
9073025
9073026
9073027
9073028
9074000
9074001
9074002
9074003
9074004
9074005
9074006
9074100
9074101
9074200
9074201
9074202
9074203
9074204
9074300
9074301
9074302
9074303
9074400
9074401
9074402
9075000
9075001
9075002
9075003
9075004
9075005
9075006
9075007
9075008
9075100
9075101
9075102
9075103
9075104
9075105
9075106
9075107
9075108
9075109
9075110
9075111
9075200
9075201
9075202
9075203
9075204
9075205
9075206
9075207
9075208
9075209
9075300
9075301
9075302
9075303
9075304
9075305
9075306
9075307
9075308
9075309
9075310
9075311
9075312
9075313
9075314
9075315
9075316
9076000
9076001
9076002
9076003
9076004
9076100
9076101
9076102
9076110
9076111
9076112
9076120
9076121
9076122
9076130
9076131
9076132
9076133
9076134
9076135
9076136
9076137
9076138
9076139
9076140
9076141
9076142
9076143
9076144
9076149
9090000
9090002
9090003
9090004
9090005
9090006
9090007
9090008
9090100
9090101
9090102
9090200
9091000
9091002
9091003
9091004
9091005
9091006
9091007
9091008
9091009
9091010
9091011
9091012
9091013
9091014
9091015
9091016
9091017
9091018
9091019
9091020
9091021
9091022
9091023
9091024
9091025
9091027
9091028
9091029
9091030
9091031
9091032
9091033
9091034
9091035
9091038
9091039
9091040
9091041
9091042
9091043
9091044
9091045
9091046
9091047
9091048
9091049
9091050
9091051
9091052
9091057
9091058
9091059
9091060
9091061
9091062
9100000
9100001
9100002
9100003
9100004
9100100
9100101
9100102
9100103
9100104
9100105
9100106
9100107
9100108
9110000
9110001
9110002
9110003
9110004
9110005
9110006
9110007
9110008
9110009
9110010
9110100
9120000
9120001
9120002
9120003
9120004
9120005
9120006
9120007
9120008
9120009
9120010
9120011
9120012
9120013
9120014
9120015
9120016
9120017
9120018
9120019
9120020
9120021
9120100
9120101
9120102
9120103
9200001
9201000
9201002
9201004
9201005
9201006
9201007
9201013
9201014
9201020
9201021
9201022
9201023
9201030
9201034
9201035
9201036
9201037
9250000
9250001
9250003
9250004
9250005
9250006
9250007
9250008
9250009
9250010
9250011
9250012
9250013
9250014
9250016
9250022
9250027
9250028
9250029
9300000
9300001
9300002
9300003
9300004
9300005
9300006
9300007
9300008
9300009
9300010
9300011
9300012
9300013
9300014
9310000
9310001
9310002
9310003
9310004
9310005
9310006
9310007
9310008
9310009
9310010
9310011
9310012
9310013
9310014
9310015
9310016
9310017
9310018
9310019
9310021
9330000
9330001
9330002
9330003
9330004
9330005
9330006
9330007
9330008
9330009
9330010
9330011
9330012
9330013
9330014
9330015
9330016
9330017
9330018
9330019
9330020
9330021
9330022
9330023
9330024
9330025
9330026
9330027
9330028
9330029
9330030
9330031
9330032
9390012
9390013
9390014
9390020
9401959
9401960
9401961
9401962
9401963
9401964
9401965
9401966
9401967
9401968
9401969
9401970
9401971
9402025
9900000
9900001
9900002
9900003
9900004
9900005
9900006
9900007
9900008
9900009
9900010
9900011
9901000
9901001
9901002
9901003
9901004
9901005
9901006
9901007
9901008
9901009
9901010
9901011
9901012
9901013
9901014
9901015
9901016
9901017
9901018
9901019
9901100
9901101
9901102
9901103
9901104
9901105
9901106
9901107
9901108
9901109
9901110
9901111
9901112
9901113
9901114
9901115
9901116
9901117
9901118
9901119
9901200
9901201
9901202
9901203
9901204
9901205
9901206
9901207
9901208
9901209
9901210
9901211
9901212
9901213
9901214
9901215
9901216
9901217
9901218
9901219
9901300
9901301
9901302
9901303
9901304
9901305
9901306
9901307
9901308
9901309
9901310
9901311
9901312
9901313
9901314
9901315
9901316
9901317
9901318
9901319
9901500
9901501
9901502
9901503
9901504
9901505
9901506
9901507
9901508
9901509
9901510
9901511
9901512
9901513
9901514
9901515
9901516
9901517
9901518
9901519
9901520
9901521
9901522
9901523
9901524
9901525
9901526
9901527
9901528
9901529
9901530
9901531
9901532
9901533
9901534
9901535
9901536
9901537
9901538
9901539
9901540
9901541
9901542
9901543
9901544
9901545
9901546
9901547
9901548
9901549
9901550
9901551
9901600
9901601
9901602
9901603
9901604
9901605
9901606
9901607
9901608
9901609
9901610
9901611
9901612
9901613
9901614
9901615
9901616
9901700
9901701
9901702
9901703
9901704
9901705
9901706
9901707
9901708
9901709
9901710
9901711
9901712
9901713
9901714
9901715
9901716
9901717
9901718
9901719
9901720
9901721
9901722
9901723
9901724
9901725
9901726
9901727
9901728
9901729
9901730
9901731
9901732
9901733
9901734
9901735
9901736
9901737
9901738
9901739
9901740
9901741
9901742
9901743
9901744
9901745
9901746
9901747
9901748
9901749
9901800
9901801
9901802
9901803
9901804
9901805
9901806
9901807
9901808
9901809
9901810
9901811
9901812
9901813
9901814
9901815
9901816
9901817
9901818
9901819
9901820
9901821
9901822
9901823
9901824
9901825
9901826
9901827
9901828
9901829
9901830
9901831
9901832
9901833
9901834
9901835
9901836
9901837
9901838
9901839
9901840
9901841
9901842
9901843
9901844
9901845
9901846
9901847
9901848
9901849
9901900
9901901
9901902
9901903
9901904
9901905
9901906
9901907
9901908
9901909
9901910
9901911
9901912
9901913
9901914
9901915
9901916
9901917
9901918
9901919
9901920
